1128 380
1129 380
1130 380
1131 380
1132 380
1133 380
1134 380
1135 380
1136 380
1137 380
1138 380
1139 380
1140 380
1141 380
1142 380
1143 380
1164 380
1165 380
1166 380
1167 380
1168 380
1169 380
1170 380
1171 380
1172 380
1173 380
1174 380
1175 380
1128 381
1129 381
1130 381
1131 381
1132 381
1133 381
1134 381
1135 381
1136 381
1137 381
1138 381
1139 381
1140 381
1141 381
1142 381
1143 381
1164 381
1165 381
1166 381
1167 381
1168 381
1169 381
1170 381
1171 381
1172 381
1173 381
1174 381
1175 381
1128 382
1129 382
1130 382
1131 382
1132 382
1133 382
1134 382
1135 382
1136 382
1137 382
1138 382
1139 382
1140 382
1141 382
1142 382
1143 382
1164 382
1165 382
1166 382
1167 382
1168 382
1169 382
1170 382
1171 382
1172 382
1173 382
1174 382
1175 382
1128 383
1129 383
1130 383
1131 383
1132 383
1133 383
1134 383
1135 383
1136 383
1137 383
1138 383
1139 383
1140 383
1141 383
1142 383
1143 383
1164 383
1165 383
1166 383
1167 383
1168 383
1169 383
1170 383
1171 383
1172 383
1173 383
1174 383
1175 383
1120 384
1121 384
1122 384
1123 384
1124 384
1125 384
1126 384
1127 384
1128 384
1129 384
1130 384
1131 384
1132 384
1133 384
1134 384
1135 384
1136 384
1137 384
1138 384
1139 384
1140 384
1141 384
1142 384
1143 384
1144 384
1145 384
1146 384
1147 384
1148 384
1149 384
1150 384
1151 384
1156 384
1157 384
1158 384
1159 384
1160 384
1161 384
1162 384
1163 384
1164 384
1165 384
1166 384
1167 384
1168 384
1169 384
1170 384
1171 384
1172 384
1173 384
1174 384
1175 384
1176 384
1177 384
1178 384
1179 384
1180 384
1181 384
1182 384
1183 384
1184 384
1185 384
1186 384
1187 384
1120 385
1121 385
1122 385
1123 385
1124 385
1125 385
1126 385
1127 385
1128 385
1129 385
1130 385
1131 385
1132 385
1133 385
1134 385
1135 385
1136 385
1137 385
1138 385
1139 385
1140 385
1141 385
1142 385
1143 385
1144 385
1145 385
1146 385
1147 385
1148 385
1149 385
1150 385
1151 385
1156 385
1157 385
1158 385
1159 385
1160 385
1161 385
1162 385
1163 385
1164 385
1165 385
1166 385
1167 385
1168 385
1169 385
1170 385
1171 385
1172 385
1173 385
1174 385
1175 385
1176 385
1177 385
1178 385
1179 385
1180 385
1181 385
1182 385
1183 385
1184 385
1185 385
1186 385
1187 385
1120 386
1121 386
1122 386
1123 386
1124 386
1125 386
1126 386
1127 386
1128 386
1129 386
1130 386
1131 386
1132 386
1133 386
1134 386
1135 386
1136 386
1137 386
1138 386
1139 386
1140 386
1141 386
1142 386
1143 386
1144 386
1145 386
1146 386
1147 386
1148 386
1149 386
1150 386
1151 386
1156 386
1157 386
1158 386
1159 386
1160 386
1161 386
1162 386
1163 386
1164 386
1165 386
1166 386
1167 386
1168 386
1169 386
1170 386
1171 386
1172 386
1173 386
1174 386
1175 386
1176 386
1177 386
1178 386
1179 386
1180 386
1181 386
1182 386
1183 386
1184 386
1185 386
1186 386
1187 386
1120 387
1121 387
1122 387
1123 387
1124 387
1125 387
1126 387
1127 387
1128 387
1129 387
1130 387
1131 387
1132 387
1133 387
1134 387
1135 387
1136 387
1137 387
1138 387
1139 387
1140 387
1141 387
1142 387
1143 387
1144 387
1145 387
1146 387
1147 387
1148 387
1149 387
1150 387
1151 387
1156 387
1157 387
1158 387
1159 387
1160 387
1161 387
1162 387
1163 387
1164 387
1165 387
1166 387
1167 387
1168 387
1169 387
1170 387
1171 387
1172 387
1173 387
1174 387
1175 387
1176 387
1177 387
1178 387
1179 387
1180 387
1181 387
1182 387
1183 387
1184 387
1185 387
1186 387
1187 387
1120 388
1121 388
1122 388
1123 388
1124 388
1125 388
1126 388
1127 388
1128 388
1129 388
1130 388
1131 388
1132 388
1133 388
1134 388
1135 388
1136 388
1137 388
1138 388
1139 388
1140 388
1141 388
1142 388
1143 388
1144 388
1145 388
1146 388
1147 388
1148 388
1149 388
1150 388
1151 388
1156 388
1157 388
1158 388
1159 388
1160 388
1161 388
1162 388
1163 388
1164 388
1165 388
1166 388
1167 388
1168 388
1169 388
1170 388
1171 388
1172 388
1173 388
1174 388
1175 388
1176 388
1177 388
1178 388
1179 388
1180 388
1181 388
1182 388
1183 388
1184 388
1185 388
1186 388
1187 388
1188 388
1189 388
1190 388
1191 388
1192 388
1193 388
1194 388
1195 388
1120 389
1121 389
1122 389
1123 389
1124 389
1125 389
1126 389
1127 389
1128 389
1129 389
1130 389
1131 389
1132 389
1133 389
1134 389
1135 389
1136 389
1137 389
1138 389
1139 389
1140 389
1141 389
1142 389
1143 389
1144 389
1145 389
1146 389
1147 389
1148 389
1149 389
1150 389
1151 389
1156 389
1157 389
1158 389
1159 389
1160 389
1161 389
1162 389
1163 389
1164 389
1165 389
1166 389
1167 389
1168 389
1169 389
1170 389
1171 389
1172 389
1173 389
1174 389
1175 389
1176 389
1177 389
1178 389
1179 389
1180 389
1181 389
1182 389
1183 389
1184 389
1185 389
1186 389
1187 389
1188 389
1189 389
1190 389
1191 389
1192 389
1193 389
1194 389
1195 389
1120 390
1121 390
1122 390
1123 390
1124 390
1125 390
1126 390
1127 390
1128 390
1129 390
1130 390
1131 390
1132 390
1133 390
1134 390
1135 390
1136 390
1137 390
1138 390
1139 390
1140 390
1141 390
1142 390
1143 390
1144 390
1145 390
1146 390
1147 390
1148 390
1149 390
1150 390
1151 390
1156 390
1157 390
1158 390
1159 390
1160 390
1161 390
1162 390
1163 390
1164 390
1165 390
1166 390
1167 390
1168 390
1169 390
1170 390
1171 390
1172 390
1173 390
1174 390
1175 390
1176 390
1177 390
1178 390
1179 390
1180 390
1181 390
1182 390
1183 390
1184 390
1185 390
1186 390
1187 390
1188 390
1189 390
1190 390
1191 390
1192 390
1193 390
1194 390
1195 390
1120 391
1121 391
1122 391
1123 391
1124 391
1125 391
1126 391
1127 391
1128 391
1129 391
1130 391
1131 391
1132 391
1133 391
1134 391
1135 391
1136 391
1137 391
1138 391
1139 391
1140 391
1141 391
1142 391
1143 391
1144 391
1145 391
1146 391
1147 391
1148 391
1149 391
1150 391
1151 391
1156 391
1157 391
1158 391
1159 391
1160 391
1161 391
1162 391
1163 391
1164 391
1165 391
1166 391
1167 391
1168 391
1169 391
1170 391
1171 391
1172 391
1173 391
1174 391
1175 391
1176 391
1177 391
1178 391
1179 391
1180 391
1181 391
1182 391
1183 391
1184 391
1185 391
1186 391
1187 391
1188 391
1189 391
1190 391
1191 391
1192 391
1193 391
1194 391
1195 391
1116 392
1117 392
1118 392
1119 392
1120 392
1121 392
1122 392
1123 392
1124 392
1125 392
1126 392
1127 392
1128 392
1129 392
1130 392
1131 392
1132 392
1133 392
1134 392
1135 392
1136 392
1137 392
1138 392
1139 392
1140 392
1141 392
1142 392
1143 392
1144 392
1145 392
1146 392
1147 392
1148 392
1149 392
1150 392
1151 392
1152 392
1153 392
1154 392
1155 392
1156 392
1157 392
1158 392
1159 392
1160 392
1161 392
1162 392
1163 392
1164 392
1165 392
1166 392
1167 392
1168 392
1169 392
1170 392
1171 392
1172 392
1173 392
1174 392
1175 392
1176 392
1177 392
1178 392
1179 392
1180 392
1181 392
1182 392
1183 392
1184 392
1185 392
1186 392
1187 392
1188 392
1189 392
1190 392
1191 392
1192 392
1193 392
1194 392
1195 392
1200 392
1201 392
1202 392
1203 392
1204 392
1205 392
1206 392
1207 392
1208 392
1209 392
1210 392
1211 392
1116 393
1117 393
1118 393
1119 393
1120 393
1121 393
1122 393
1123 393
1124 393
1125 393
1126 393
1127 393
1128 393
1129 393
1130 393
1131 393
1132 393
1133 393
1134 393
1135 393
1136 393
1137 393
1138 393
1139 393
1140 393
1141 393
1142 393
1143 393
1144 393
1145 393
1146 393
1147 393
1148 393
1149 393
1150 393
1151 393
1152 393
1153 393
1154 393
1155 393
1156 393
1157 393
1158 393
1159 393
1160 393
1161 393
1162 393
1163 393
1164 393
1165 393
1166 393
1167 393
1168 393
1169 393
1170 393
1171 393
1172 393
1173 393
1174 393
1175 393
1176 393
1177 393
1178 393
1179 393
1180 393
1181 393
1182 393
1183 393
1184 393
1185 393
1186 393
1187 393
1188 393
1189 393
1190 393
1191 393
1192 393
1193 393
1194 393
1195 393
1200 393
1201 393
1202 393
1203 393
1204 393
1205 393
1206 393
1207 393
1208 393
1209 393
1210 393
1211 393
1116 394
1117 394
1118 394
1119 394
1120 394
1121 394
1122 394
1123 394
1124 394
1125 394
1126 394
1127 394
1128 394
1129 394
1130 394
1131 394
1132 394
1133 394
1134 394
1135 394
1136 394
1137 394
1138 394
1139 394
1140 394
1141 394
1142 394
1143 394
1144 394
1145 394
1146 394
1147 394
1148 394
1149 394
1150 394
1151 394
1152 394
1153 394
1154 394
1155 394
1156 394
1157 394
1158 394
1159 394
1160 394
1161 394
1162 394
1163 394
1164 394
1165 394
1166 394
1167 394
1168 394
1169 394
1170 394
1171 394
1172 394
1173 394
1174 394
1175 394
1176 394
1177 394
1178 394
1179 394
1180 394
1181 394
1182 394
1183 394
1184 394
1185 394
1186 394
1187 394
1188 394
1189 394
1190 394
1191 394
1192 394
1193 394
1194 394
1195 394
1200 394
1201 394
1202 394
1203 394
1204 394
1205 394
1206 394
1207 394
1208 394
1209 394
1210 394
1211 394
1116 395
1117 395
1118 395
1119 395
1120 395
1121 395
1122 395
1123 395
1124 395
1125 395
1126 395
1127 395
1128 395
1129 395
1130 395
1131 395
1132 395
1133 395
1134 395
1135 395
1136 395
1137 395
1138 395
1139 395
1140 395
1141 395
1142 395
1143 395
1144 395
1145 395
1146 395
1147 395
1148 395
1149 395
1150 395
1151 395
1152 395
1153 395
1154 395
1155 395
1156 395
1157 395
1158 395
1159 395
1160 395
1161 395
1162 395
1163 395
1164 395
1165 395
1166 395
1167 395
1168 395
1169 395
1170 395
1171 395
1172 395
1173 395
1174 395
1175 395
1176 395
1177 395
1178 395
1179 395
1180 395
1181 395
1182 395
1183 395
1184 395
1185 395
1186 395
1187 395
1188 395
1189 395
1190 395
1191 395
1192 395
1193 395
1194 395
1195 395
1200 395
1201 395
1202 395
1203 395
1204 395
1205 395
1206 395
1207 395
1208 395
1209 395
1210 395
1211 395
1116 396
1117 396
1118 396
1119 396
1120 396
1121 396
1122 396
1123 396
1124 396
1125 396
1126 396
1127 396
1128 396
1129 396
1130 396
1131 396
1132 396
1133 396
1134 396
1135 396
1136 396
1137 396
1138 396
1139 396
1140 396
1141 396
1142 396
1143 396
1144 396
1145 396
1146 396
1147 396
1148 396
1149 396
1150 396
1151 396
1152 396
1153 396
1154 396
1155 396
1156 396
1157 396
1158 396
1159 396
1160 396
1161 396
1162 396
1163 396
1164 396
1165 396
1166 396
1167 396
1168 396
1169 396
1170 396
1171 396
1172 396
1173 396
1174 396
1175 396
1176 396
1177 396
1178 396
1179 396
1180 396
1181 396
1182 396
1183 396
1184 396
1185 396
1186 396
1187 396
1188 396
1189 396
1190 396
1191 396
1192 396
1193 396
1194 396
1195 396
1196 396
1197 396
1198 396
1199 396
1200 396
1201 396
1202 396
1203 396
1204 396
1205 396
1206 396
1207 396
1208 396
1209 396
1210 396
1211 396
1212 396
1213 396
1214 396
1215 396
1216 396
1217 396
1218 396
1219 396
1116 397
1117 397
1118 397
1119 397
1120 397
1121 397
1122 397
1123 397
1124 397
1125 397
1126 397
1127 397
1128 397
1129 397
1130 397
1131 397
1132 397
1133 397
1134 397
1135 397
1136 397
1137 397
1138 397
1139 397
1140 397
1141 397
1142 397
1143 397
1144 397
1145 397
1146 397
1147 397
1148 397
1149 397
1150 397
1151 397
1152 397
1153 397
1154 397
1155 397
1156 397
1157 397
1158 397
1159 397
1160 397
1161 397
1162 397
1163 397
1164 397
1165 397
1166 397
1167 397
1168 397
1169 397
1170 397
1171 397
1172 397
1173 397
1174 397
1175 397
1176 397
1177 397
1178 397
1179 397
1180 397
1181 397
1182 397
1183 397
1184 397
1185 397
1186 397
1187 397
1188 397
1189 397
1190 397
1191 397
1192 397
1193 397
1194 397
1195 397
1196 397
1197 397
1198 397
1199 397
1200 397
1201 397
1202 397
1203 397
1204 397
1205 397
1206 397
1207 397
1208 397
1209 397
1210 397
1211 397
1212 397
1213 397
1214 397
1215 397
1216 397
1217 397
1218 397
1219 397
1116 398
1117 398
1118 398
1119 398
1120 398
1121 398
1122 398
1123 398
1124 398
1125 398
1126 398
1127 398
1128 398
1129 398
1130 398
1131 398
1132 398
1133 398
1134 398
1135 398
1136 398
1137 398
1138 398
1139 398
1140 398
1141 398
1142 398
1143 398
1144 398
1145 398
1146 398
1147 398
1148 398
1149 398
1150 398
1151 398
1152 398
1153 398
1154 398
1155 398
1156 398
1157 398
1158 398
1159 398
1160 398
1161 398
1162 398
1163 398
1164 398
1165 398
1166 398
1167 398
1168 398
1169 398
1170 398
1171 398
1172 398
1173 398
1174 398
1175 398
1176 398
1177 398
1178 398
1179 398
1180 398
1181 398
1182 398
1183 398
1184 398
1185 398
1186 398
1187 398
1188 398
1189 398
1190 398
1191 398
1192 398
1193 398
1194 398
1195 398
1196 398
1197 398
1198 398
1199 398
1200 398
1201 398
1202 398
1203 398
1204 398
1205 398
1206 398
1207 398
1208 398
1209 398
1210 398
1211 398
1212 398
1213 398
1214 398
1215 398
1216 398
1217 398
1218 398
1219 398
1116 399
1117 399
1118 399
1119 399
1120 399
1121 399
1122 399
1123 399
1124 399
1125 399
1126 399
1127 399
1128 399
1129 399
1130 399
1131 399
1132 399
1133 399
1134 399
1135 399
1136 399
1137 399
1138 399
1139 399
1140 399
1141 399
1142 399
1143 399
1144 399
1145 399
1146 399
1147 399
1148 399
1149 399
1150 399
1151 399
1152 399
1153 399
1154 399
1155 399
1156 399
1157 399
1158 399
1159 399
1160 399
1161 399
1162 399
1163 399
1164 399
1165 399
1166 399
1167 399
1168 399
1169 399
1170 399
1171 399
1172 399
1173 399
1174 399
1175 399
1176 399
1177 399
1178 399
1179 399
1180 399
1181 399
1182 399
1183 399
1184 399
1185 399
1186 399
1187 399
1188 399
1189 399
1190 399
1191 399
1192 399
1193 399
1194 399
1195 399
1196 399
1197 399
1198 399
1199 399
1200 399
1201 399
1202 399
1203 399
1204 399
1205 399
1206 399
1207 399
1208 399
1209 399
1210 399
1211 399
1212 399
1213 399
1214 399
1215 399
1216 399
1217 399
1218 399
1219 399
1116 400
1117 400
1118 400
1119 400
1120 400
1121 400
1122 400
1123 400
1124 400
1125 400
1126 400
1127 400
1128 400
1129 400
1130 400
1131 400
1132 400
1133 400
1134 400
1135 400
1136 400
1137 400
1138 400
1139 400
1140 400
1141 400
1142 400
1143 400
1144 400
1145 400
1146 400
1147 400
1148 400
1149 400
1150 400
1151 400
1152 400
1153 400
1154 400
1155 400
1156 400
1157 400
1158 400
1159 400
1160 400
1161 400
1162 400
1163 400
1164 400
1165 400
1166 400
1167 400
1168 400
1169 400
1170 400
1171 400
1172 400
1173 400
1174 400
1175 400
1176 400
1177 400
1178 400
1179 400
1180 400
1181 400
1182 400
1183 400
1184 400
1185 400
1186 400
1187 400
1188 400
1189 400
1190 400
1191 400
1192 400
1193 400
1194 400
1195 400
1196 400
1197 400
1198 400
1199 400
1200 400
1201 400
1202 400
1203 400
1204 400
1205 400
1206 400
1207 400
1208 400
1209 400
1210 400
1211 400
1212 400
1213 400
1214 400
1215 400
1216 400
1217 400
1218 400
1219 400
1116 401
1117 401
1118 401
1119 401
1120 401
1121 401
1122 401
1123 401
1124 401
1125 401
1126 401
1127 401
1128 401
1129 401
1130 401
1131 401
1132 401
1133 401
1134 401
1135 401
1136 401
1137 401
1138 401
1139 401
1140 401
1141 401
1142 401
1143 401
1144 401
1145 401
1146 401
1147 401
1148 401
1149 401
1150 401
1151 401
1152 401
1153 401
1154 401
1155 401
1156 401
1157 401
1158 401
1159 401
1160 401
1161 401
1162 401
1163 401
1164 401
1165 401
1166 401
1167 401
1168 401
1169 401
1170 401
1171 401
1172 401
1173 401
1174 401
1175 401
1176 401
1177 401
1178 401
1179 401
1180 401
1181 401
1182 401
1183 401
1184 401
1185 401
1186 401
1187 401
1188 401
1189 401
1190 401
1191 401
1192 401
1193 401
1194 401
1195 401
1196 401
1197 401
1198 401
1199 401
1200 401
1201 401
1202 401
1203 401
1204 401
1205 401
1206 401
1207 401
1208 401
1209 401
1210 401
1211 401
1212 401
1213 401
1214 401
1215 401
1216 401
1217 401
1218 401
1219 401
1116 402
1117 402
1118 402
1119 402
1120 402
1121 402
1122 402
1123 402
1124 402
1125 402
1126 402
1127 402
1128 402
1129 402
1130 402
1131 402
1132 402
1133 402
1134 402
1135 402
1136 402
1137 402
1138 402
1139 402
1140 402
1141 402
1142 402
1143 402
1144 402
1145 402
1146 402
1147 402
1148 402
1149 402
1150 402
1151 402
1152 402
1153 402
1154 402
1155 402
1156 402
1157 402
1158 402
1159 402
1160 402
1161 402
1162 402
1163 402
1164 402
1165 402
1166 402
1167 402
1168 402
1169 402
1170 402
1171 402
1172 402
1173 402
1174 402
1175 402
1176 402
1177 402
1178 402
1179 402
1180 402
1181 402
1182 402
1183 402
1184 402
1185 402
1186 402
1187 402
1188 402
1189 402
1190 402
1191 402
1192 402
1193 402
1194 402
1195 402
1196 402
1197 402
1198 402
1199 402
1200 402
1201 402
1202 402
1203 402
1204 402
1205 402
1206 402
1207 402
1208 402
1209 402
1210 402
1211 402
1212 402
1213 402
1214 402
1215 402
1216 402
1217 402
1218 402
1219 402
1116 403
1117 403
1118 403
1119 403
1120 403
1121 403
1122 403
1123 403
1124 403
1125 403
1126 403
1127 403
1128 403
1129 403
1130 403
1131 403
1132 403
1133 403
1134 403
1135 403
1136 403
1137 403
1138 403
1139 403
1140 403
1141 403
1142 403
1143 403
1144 403
1145 403
1146 403
1147 403
1148 403
1149 403
1150 403
1151 403
1152 403
1153 403
1154 403
1155 403
1156 403
1157 403
1158 403
1159 403
1160 403
1161 403
1162 403
1163 403
1164 403
1165 403
1166 403
1167 403
1168 403
1169 403
1170 403
1171 403
1172 403
1173 403
1174 403
1175 403
1176 403
1177 403
1178 403
1179 403
1180 403
1181 403
1182 403
1183 403
1184 403
1185 403
1186 403
1187 403
1188 403
1189 403
1190 403
1191 403
1192 403
1193 403
1194 403
1195 403
1196 403
1197 403
1198 403
1199 403
1200 403
1201 403
1202 403
1203 403
1204 403
1205 403
1206 403
1207 403
1208 403
1209 403
1210 403
1211 403
1212 403
1213 403
1214 403
1215 403
1216 403
1217 403
1218 403
1219 403
1120 404
1121 404
1122 404
1123 404
1124 404
1125 404
1126 404
1127 404
1128 404
1129 404
1130 404
1131 404
1132 404
1133 404
1134 404
1135 404
1136 404
1137 404
1138 404
1139 404
1140 404
1141 404
1142 404
1143 404
1144 404
1145 404
1146 404
1147 404
1148 404
1149 404
1150 404
1151 404
1156 404
1157 404
1158 404
1159 404
1160 404
1161 404
1162 404
1163 404
1164 404
1165 404
1166 404
1167 404
1168 404
1169 404
1170 404
1171 404
1172 404
1173 404
1174 404
1175 404
1176 404
1177 404
1178 404
1179 404
1180 404
1181 404
1182 404
1183 404
1184 404
1185 404
1186 404
1187 404
1188 404
1189 404
1190 404
1191 404
1192 404
1193 404
1194 404
1195 404
1196 404
1197 404
1198 404
1199 404
1200 404
1201 404
1202 404
1203 404
1204 404
1205 404
1206 404
1207 404
1208 404
1209 404
1210 404
1211 404
1212 404
1213 404
1214 404
1215 404
1216 404
1217 404
1218 404
1219 404
1220 404
1221 404
1222 404
1223 404
1120 405
1121 405
1122 405
1123 405
1124 405
1125 405
1126 405
1127 405
1128 405
1129 405
1130 405
1131 405
1132 405
1133 405
1134 405
1135 405
1136 405
1137 405
1138 405
1139 405
1140 405
1141 405
1142 405
1143 405
1144 405
1145 405
1146 405
1147 405
1148 405
1149 405
1150 405
1151 405
1156 405
1157 405
1158 405
1159 405
1160 405
1161 405
1162 405
1163 405
1164 405
1165 405
1166 405
1167 405
1168 405
1169 405
1170 405
1171 405
1172 405
1173 405
1174 405
1175 405
1176 405
1177 405
1178 405
1179 405
1180 405
1181 405
1182 405
1183 405
1184 405
1185 405
1186 405
1187 405
1188 405
1189 405
1190 405
1191 405
1192 405
1193 405
1194 405
1195 405
1196 405
1197 405
1198 405
1199 405
1200 405
1201 405
1202 405
1203 405
1204 405
1205 405
1206 405
1207 405
1208 405
1209 405
1210 405
1211 405
1212 405
1213 405
1214 405
1215 405
1216 405
1217 405
1218 405
1219 405
1220 405
1221 405
1222 405
1223 405
1120 406
1121 406
1122 406
1123 406
1124 406
1125 406
1126 406
1127 406
1128 406
1129 406
1130 406
1131 406
1132 406
1133 406
1134 406
1135 406
1136 406
1137 406
1138 406
1139 406
1140 406
1141 406
1142 406
1143 406
1144 406
1145 406
1146 406
1147 406
1148 406
1149 406
1150 406
1151 406
1156 406
1157 406
1158 406
1159 406
1160 406
1161 406
1162 406
1163 406
1164 406
1165 406
1166 406
1167 406
1168 406
1169 406
1170 406
1171 406
1172 406
1173 406
1174 406
1175 406
1176 406
1177 406
1178 406
1179 406
1180 406
1181 406
1182 406
1183 406
1184 406
1185 406
1186 406
1187 406
1188 406
1189 406
1190 406
1191 406
1192 406
1193 406
1194 406
1195 406
1196 406
1197 406
1198 406
1199 406
1200 406
1201 406
1202 406
1203 406
1204 406
1205 406
1206 406
1207 406
1208 406
1209 406
1210 406
1211 406
1212 406
1213 406
1214 406
1215 406
1216 406
1217 406
1218 406
1219 406
1220 406
1221 406
1222 406
1223 406
1120 407
1121 407
1122 407
1123 407
1124 407
1125 407
1126 407
1127 407
1128 407
1129 407
1130 407
1131 407
1132 407
1133 407
1134 407
1135 407
1136 407
1137 407
1138 407
1139 407
1140 407
1141 407
1142 407
1143 407
1144 407
1145 407
1146 407
1147 407
1148 407
1149 407
1150 407
1151 407
1156 407
1157 407
1158 407
1159 407
1160 407
1161 407
1162 407
1163 407
1164 407
1165 407
1166 407
1167 407
1168 407
1169 407
1170 407
1171 407
1172 407
1173 407
1174 407
1175 407
1176 407
1177 407
1178 407
1179 407
1180 407
1181 407
1182 407
1183 407
1184 407
1185 407
1186 407
1187 407
1188 407
1189 407
1190 407
1191 407
1192 407
1193 407
1194 407
1195 407
1196 407
1197 407
1198 407
1199 407
1200 407
1201 407
1202 407
1203 407
1204 407
1205 407
1206 407
1207 407
1208 407
1209 407
1210 407
1211 407
1212 407
1213 407
1214 407
1215 407
1216 407
1217 407
1218 407
1219 407
1220 407
1221 407
1222 407
1223 407
1120 408
1121 408
1122 408
1123 408
1124 408
1125 408
1126 408
1127 408
1128 408
1129 408
1130 408
1131 408
1132 408
1133 408
1134 408
1135 408
1136 408
1137 408
1138 408
1139 408
1140 408
1141 408
1142 408
1143 408
1144 408
1145 408
1146 408
1147 408
1148 408
1149 408
1150 408
1151 408
1156 408
1157 408
1158 408
1159 408
1160 408
1161 408
1162 408
1163 408
1164 408
1165 408
1166 408
1167 408
1168 408
1169 408
1170 408
1171 408
1172 408
1173 408
1174 408
1175 408
1176 408
1177 408
1178 408
1179 408
1180 408
1181 408
1182 408
1183 408
1184 408
1185 408
1186 408
1187 408
1188 408
1189 408
1190 408
1191 408
1192 408
1193 408
1194 408
1195 408
1196 408
1197 408
1198 408
1199 408
1200 408
1201 408
1202 408
1203 408
1204 408
1205 408
1206 408
1207 408
1208 408
1209 408
1210 408
1211 408
1212 408
1213 408
1214 408
1215 408
1216 408
1217 408
1218 408
1219 408
1220 408
1221 408
1222 408
1223 408
1120 409
1121 409
1122 409
1123 409
1124 409
1125 409
1126 409
1127 409
1128 409
1129 409
1130 409
1131 409
1132 409
1133 409
1134 409
1135 409
1136 409
1137 409
1138 409
1139 409
1140 409
1141 409
1142 409
1143 409
1144 409
1145 409
1146 409
1147 409
1148 409
1149 409
1150 409
1151 409
1156 409
1157 409
1158 409
1159 409
1160 409
1161 409
1162 409
1163 409
1164 409
1165 409
1166 409
1167 409
1168 409
1169 409
1170 409
1171 409
1172 409
1173 409
1174 409
1175 409
1176 409
1177 409
1178 409
1179 409
1180 409
1181 409
1182 409
1183 409
1184 409
1185 409
1186 409
1187 409
1188 409
1189 409
1190 409
1191 409
1192 409
1193 409
1194 409
1195 409
1196 409
1197 409
1198 409
1199 409
1200 409
1201 409
1202 409
1203 409
1204 409
1205 409
1206 409
1207 409
1208 409
1209 409
1210 409
1211 409
1212 409
1213 409
1214 409
1215 409
1216 409
1217 409
1218 409
1219 409
1220 409
1221 409
1222 409
1223 409
1120 410
1121 410
1122 410
1123 410
1124 410
1125 410
1126 410
1127 410
1128 410
1129 410
1130 410
1131 410
1132 410
1133 410
1134 410
1135 410
1136 410
1137 410
1138 410
1139 410
1140 410
1141 410
1142 410
1143 410
1144 410
1145 410
1146 410
1147 410
1148 410
1149 410
1150 410
1151 410
1156 410
1157 410
1158 410
1159 410
1160 410
1161 410
1162 410
1163 410
1164 410
1165 410
1166 410
1167 410
1168 410
1169 410
1170 410
1171 410
1172 410
1173 410
1174 410
1175 410
1176 410
1177 410
1178 410
1179 410
1180 410
1181 410
1182 410
1183 410
1184 410
1185 410
1186 410
1187 410
1188 410
1189 410
1190 410
1191 410
1192 410
1193 410
1194 410
1195 410
1196 410
1197 410
1198 410
1199 410
1200 410
1201 410
1202 410
1203 410
1204 410
1205 410
1206 410
1207 410
1208 410
1209 410
1210 410
1211 410
1212 410
1213 410
1214 410
1215 410
1216 410
1217 410
1218 410
1219 410
1220 410
1221 410
1222 410
1223 410
1120 411
1121 411
1122 411
1123 411
1124 411
1125 411
1126 411
1127 411
1128 411
1129 411
1130 411
1131 411
1132 411
1133 411
1134 411
1135 411
1136 411
1137 411
1138 411
1139 411
1140 411
1141 411
1142 411
1143 411
1144 411
1145 411
1146 411
1147 411
1148 411
1149 411
1150 411
1151 411
1156 411
1157 411
1158 411
1159 411
1160 411
1161 411
1162 411
1163 411
1164 411
1165 411
1166 411
1167 411
1168 411
1169 411
1170 411
1171 411
1172 411
1173 411
1174 411
1175 411
1176 411
1177 411
1178 411
1179 411
1180 411
1181 411
1182 411
1183 411
1184 411
1185 411
1186 411
1187 411
1188 411
1189 411
1190 411
1191 411
1192 411
1193 411
1194 411
1195 411
1196 411
1197 411
1198 411
1199 411
1200 411
1201 411
1202 411
1203 411
1204 411
1205 411
1206 411
1207 411
1208 411
1209 411
1210 411
1211 411
1212 411
1213 411
1214 411
1215 411
1216 411
1217 411
1218 411
1219 411
1220 411
1221 411
1222 411
1223 411
1128 412
1129 412
1130 412
1131 412
1132 412
1133 412
1134 412
1135 412
1136 412
1137 412
1138 412
1139 412
1140 412
1141 412
1142 412
1143 412
1164 412
1165 412
1166 412
1167 412
1168 412
1169 412
1170 412
1171 412
1172 412
1173 412
1174 412
1175 412
1176 412
1177 412
1178 412
1179 412
1180 412
1181 412
1182 412
1183 412
1184 412
1185 412
1186 412
1187 412
1188 412
1189 412
1190 412
1191 412
1192 412
1193 412
1194 412
1195 412
1196 412
1197 412
1198 412
1199 412
1200 412
1201 412
1202 412
1203 412
1204 412
1205 412
1206 412
1207 412
1208 412
1209 412
1210 412
1211 412
1212 412
1213 412
1214 412
1215 412
1216 412
1217 412
1218 412
1219 412
1220 412
1221 412
1222 412
1223 412
1128 413
1129 413
1130 413
1131 413
1132 413
1133 413
1134 413
1135 413
1136 413
1137 413
1138 413
1139 413
1140 413
1141 413
1142 413
1143 413
1164 413
1165 413
1166 413
1167 413
1168 413
1169 413
1170 413
1171 413
1172 413
1173 413
1174 413
1175 413
1176 413
1177 413
1178 413
1179 413
1180 413
1181 413
1182 413
1183 413
1184 413
1185 413
1186 413
1187 413
1188 413
1189 413
1190 413
1191 413
1192 413
1193 413
1194 413
1195 413
1196 413
1197 413
1198 413
1199 413
1200 413
1201 413
1202 413
1203 413
1204 413
1205 413
1206 413
1207 413
1208 413
1209 413
1210 413
1211 413
1212 413
1213 413
1214 413
1215 413
1216 413
1217 413
1218 413
1219 413
1220 413
1221 413
1222 413
1223 413
1128 414
1129 414
1130 414
1131 414
1132 414
1133 414
1134 414
1135 414
1136 414
1137 414
1138 414
1139 414
1140 414
1141 414
1142 414
1143 414
1164 414
1165 414
1166 414
1167 414
1168 414
1169 414
1170 414
1171 414
1172 414
1173 414
1174 414
1175 414
1176 414
1177 414
1178 414
1179 414
1180 414
1181 414
1182 414
1183 414
1184 414
1185 414
1186 414
1187 414
1188 414
1189 414
1190 414
1191 414
1192 414
1193 414
1194 414
1195 414
1196 414
1197 414
1198 414
1199 414
1200 414
1201 414
1202 414
1203 414
1204 414
1205 414
1206 414
1207 414
1208 414
1209 414
1210 414
1211 414
1212 414
1213 414
1214 414
1215 414
1216 414
1217 414
1218 414
1219 414
1220 414
1221 414
1222 414
1223 414
1128 415
1129 415
1130 415
1131 415
1132 415
1133 415
1134 415
1135 415
1136 415
1137 415
1138 415
1139 415
1140 415
1141 415
1142 415
1143 415
1164 415
1165 415
1166 415
1167 415
1168 415
1169 415
1170 415
1171 415
1172 415
1173 415
1174 415
1175 415
1176 415
1177 415
1178 415
1179 415
1180 415
1181 415
1182 415
1183 415
1184 415
1185 415
1186 415
1187 415
1188 415
1189 415
1190 415
1191 415
1192 415
1193 415
1194 415
1195 415
1196 415
1197 415
1198 415
1199 415
1200 415
1201 415
1202 415
1203 415
1204 415
1205 415
1206 415
1207 415
1208 415
1209 415
1210 415
1211 415
1212 415
1213 415
1214 415
1215 415
1216 415
1217 415
1218 415
1219 415
1220 415
1221 415
1222 415
1223 415
1168 416
1169 416
1170 416
1171 416
1172 416
1173 416
1174 416
1175 416
1176 416
1177 416
1178 416
1179 416
1180 416
1181 416
1182 416
1183 416
1184 416
1185 416
1186 416
1187 416
1188 416
1189 416
1190 416
1191 416
1192 416
1193 416
1194 416
1195 416
1196 416
1197 416
1198 416
1199 416
1200 416
1201 416
1202 416
1203 416
1204 416
1205 416
1206 416
1207 416
1208 416
1209 416
1210 416
1211 416
1212 416
1213 416
1214 416
1215 416
1216 416
1217 416
1218 416
1219 416
1168 417
1169 417
1170 417
1171 417
1172 417
1173 417
1174 417
1175 417
1176 417
1177 417
1178 417
1179 417
1180 417
1181 417
1182 417
1183 417
1184 417
1185 417
1186 417
1187 417
1188 417
1189 417
1190 417
1191 417
1192 417
1193 417
1194 417
1195 417
1196 417
1197 417
1198 417
1199 417
1200 417
1201 417
1202 417
1203 417
1204 417
1205 417
1206 417
1207 417
1208 417
1209 417
1210 417
1211 417
1212 417
1213 417
1214 417
1215 417
1216 417
1217 417
1218 417
1219 417
1168 418
1169 418
1170 418
1171 418
1172 418
1173 418
1174 418
1175 418
1176 418
1177 418
1178 418
1179 418
1180 418
1181 418
1182 418
1183 418
1184 418
1185 418
1186 418
1187 418
1188 418
1189 418
1190 418
1191 418
1192 418
1193 418
1194 418
1195 418
1196 418
1197 418
1198 418
1199 418
1200 418
1201 418
1202 418
1203 418
1204 418
1205 418
1206 418
1207 418
1208 418
1209 418
1210 418
1211 418
1212 418
1213 418
1214 418
1215 418
1216 418
1217 418
1218 418
1219 418
1168 419
1169 419
1170 419
1171 419
1172 419
1173 419
1174 419
1175 419
1176 419
1177 419
1178 419
1179 419
1180 419
1181 419
1182 419
1183 419
1184 419
1185 419
1186 419
1187 419
1188 419
1189 419
1190 419
1191 419
1192 419
1193 419
1194 419
1195 419
1196 419
1197 419
1198 419
1199 419
1200 419
1201 419
1202 419
1203 419
1204 419
1205 419
1206 419
1207 419
1208 419
1209 419
1210 419
1211 419
1212 419
1213 419
1214 419
1215 419
1216 419
1217 419
1218 419
1219 419
1168 420
1169 420
1170 420
1171 420
1172 420
1173 420
1174 420
1175 420
1176 420
1177 420
1178 420
1179 420
1180 420
1181 420
1182 420
1183 420
1184 420
1185 420
1186 420
1187 420
1188 420
1189 420
1190 420
1191 420
1192 420
1193 420
1194 420
1195 420
1196 420
1197 420
1198 420
1199 420
1200 420
1201 420
1202 420
1203 420
1204 420
1205 420
1206 420
1207 420
1208 420
1209 420
1210 420
1211 420
1212 420
1213 420
1214 420
1215 420
1216 420
1217 420
1218 420
1219 420
1168 421
1169 421
1170 421
1171 421
1172 421
1173 421
1174 421
1175 421
1176 421
1177 421
1178 421
1179 421
1180 421
1181 421
1182 421
1183 421
1184 421
1185 421
1186 421
1187 421
1188 421
1189 421
1190 421
1191 421
1192 421
1193 421
1194 421
1195 421
1196 421
1197 421
1198 421
1199 421
1200 421
1201 421
1202 421
1203 421
1204 421
1205 421
1206 421
1207 421
1208 421
1209 421
1210 421
1211 421
1212 421
1213 421
1214 421
1215 421
1216 421
1217 421
1218 421
1219 421
1168 422
1169 422
1170 422
1171 422
1172 422
1173 422
1174 422
1175 422
1176 422
1177 422
1178 422
1179 422
1180 422
1181 422
1182 422
1183 422
1184 422
1185 422
1186 422
1187 422
1188 422
1189 422
1190 422
1191 422
1192 422
1193 422
1194 422
1195 422
1196 422
1197 422
1198 422
1199 422
1200 422
1201 422
1202 422
1203 422
1204 422
1205 422
1206 422
1207 422
1208 422
1209 422
1210 422
1211 422
1212 422
1213 422
1214 422
1215 422
1216 422
1217 422
1218 422
1219 422
1168 423
1169 423
1170 423
1171 423
1172 423
1173 423
1174 423
1175 423
1176 423
1177 423
1178 423
1179 423
1180 423
1181 423
1182 423
1183 423
1184 423
1185 423
1186 423
1187 423
1188 423
1189 423
1190 423
1191 423
1192 423
1193 423
1194 423
1195 423
1196 423
1197 423
1198 423
1199 423
1200 423
1201 423
1202 423
1203 423
1204 423
1205 423
1206 423
1207 423
1208 423
1209 423
1210 423
1211 423
1212 423
1213 423
1214 423
1215 423
1216 423
1217 423
1218 423
1219 423
1168 424
1169 424
1170 424
1171 424
1172 424
1173 424
1174 424
1175 424
1176 424
1177 424
1178 424
1179 424
1180 424
1181 424
1182 424
1183 424
1184 424
1185 424
1186 424
1187 424
1188 424
1189 424
1190 424
1191 424
1192 424
1193 424
1194 424
1195 424
1196 424
1197 424
1198 424
1199 424
1200 424
1201 424
1202 424
1203 424
1204 424
1205 424
1206 424
1207 424
1208 424
1209 424
1210 424
1211 424
1168 425
1169 425
1170 425
1171 425
1172 425
1173 425
1174 425
1175 425
1176 425
1177 425
1178 425
1179 425
1180 425
1181 425
1182 425
1183 425
1184 425
1185 425
1186 425
1187 425
1188 425
1189 425
1190 425
1191 425
1192 425
1193 425
1194 425
1195 425
1196 425
1197 425
1198 425
1199 425
1200 425
1201 425
1202 425
1203 425
1204 425
1205 425
1206 425
1207 425
1208 425
1209 425
1210 425
1211 425
1168 426
1169 426
1170 426
1171 426
1172 426
1173 426
1174 426
1175 426
1176 426
1177 426
1178 426
1179 426
1180 426
1181 426
1182 426
1183 426
1184 426
1185 426
1186 426
1187 426
1188 426
1189 426
1190 426
1191 426
1192 426
1193 426
1194 426
1195 426
1196 426
1197 426
1198 426
1199 426
1200 426
1201 426
1202 426
1203 426
1204 426
1205 426
1206 426
1207 426
1208 426
1209 426
1210 426
1211 426
1168 427
1169 427
1170 427
1171 427
1172 427
1173 427
1174 427
1175 427
1176 427
1177 427
1178 427
1179 427
1180 427
1181 427
1182 427
1183 427
1184 427
1185 427
1186 427
1187 427
1188 427
1189 427
1190 427
1191 427
1192 427
1193 427
1194 427
1195 427
1196 427
1197 427
1198 427
1199 427
1200 427
1201 427
1202 427
1203 427
1204 427
1205 427
1206 427
1207 427
1208 427
1209 427
1210 427
1211 427
1172 428
1173 428
1174 428
1175 428
1176 428
1177 428
1178 428
1179 428
1180 428
1181 428
1182 428
1183 428
1184 428
1185 428
1186 428
1187 428
1188 428
1189 428
1190 428
1191 428
1192 428
1193 428
1194 428
1195 428
1196 428
1197 428
1198 428
1199 428
1200 428
1201 428
1202 428
1203 428
1172 429
1173 429
1174 429
1175 429
1176 429
1177 429
1178 429
1179 429
1180 429
1181 429
1182 429
1183 429
1184 429
1185 429
1186 429
1187 429
1188 429
1189 429
1190 429
1191 429
1192 429
1193 429
1194 429
1195 429
1196 429
1197 429
1198 429
1199 429
1200 429
1201 429
1202 429
1203 429
1172 430
1173 430
1174 430
1175 430
1176 430
1177 430
1178 430
1179 430
1180 430
1181 430
1182 430
1183 430
1184 430
1185 430
1186 430
1187 430
1188 430
1189 430
1190 430
1191 430
1192 430
1193 430
1194 430
1195 430
1196 430
1197 430
1198 430
1199 430
1200 430
1201 430
1202 430
1203 430
1172 431
1173 431
1174 431
1175 431
1176 431
1177 431
1178 431
1179 431
1180 431
1181 431
1182 431
1183 431
1184 431
1185 431
1186 431
1187 431
1188 431
1189 431
1190 431
1191 431
1192 431
1193 431
1194 431
1195 431
1196 431
1197 431
1198 431
1199 431
1200 431
1201 431
1202 431
1203 431
1172 432
1173 432
1174 432
1175 432
1176 432
1177 432
1178 432
1179 432
1180 432
1181 432
1182 432
1183 432
1184 432
1185 432
1186 432
1187 432
1188 432
1189 432
1190 432
1191 432
1192 432
1193 432
1194 432
1195 432
1196 432
1197 432
1198 432
1199 432
1200 432
1201 432
1202 432
1203 432
1172 433
1173 433
1174 433
1175 433
1176 433
1177 433
1178 433
1179 433
1180 433
1181 433
1182 433
1183 433
1184 433
1185 433
1186 433
1187 433
1188 433
1189 433
1190 433
1191 433
1192 433
1193 433
1194 433
1195 433
1196 433
1197 433
1198 433
1199 433
1200 433
1201 433
1202 433
1203 433
1172 434
1173 434
1174 434
1175 434
1176 434
1177 434
1178 434
1179 434
1180 434
1181 434
1182 434
1183 434
1184 434
1185 434
1186 434
1187 434
1188 434
1189 434
1190 434
1191 434
1192 434
1193 434
1194 434
1195 434
1196 434
1197 434
1198 434
1199 434
1200 434
1201 434
1202 434
1203 434
1172 435
1173 435
1174 435
1175 435
1176 435
1177 435
1178 435
1179 435
1180 435
1181 435
1182 435
1183 435
1184 435
1185 435
1186 435
1187 435
1188 435
1189 435
1190 435
1191 435
1192 435
1193 435
1194 435
1195 435
1196 435
1197 435
1198 435
1199 435
1200 435
1201 435
1202 435
1203 435
1180 436
1181 436
1182 436
1183 436
1184 436
1185 436
1186 436
1187 436
1188 436
1189 436
1190 436
1191 436
1192 436
1193 436
1194 436
1195 436
1180 437
1181 437
1182 437
1183 437
1184 437
1185 437
1186 437
1187 437
1188 437
1189 437
1190 437
1191 437
1192 437
1193 437
1194 437
1195 437
1180 438
1181 438
1182 438
1183 438
1184 438
1185 438
1186 438
1187 438
1188 438
1189 438
1190 438
1191 438
1192 438
1193 438
1194 438
1195 438
1180 439
1181 439
1182 439
1183 439
1184 439
1185 439
1186 439
1187 439
1188 439
1189 439
1190 439
1191 439
1192 439
1193 439
1194 439
1195 439
