108 1108
109 1108
110 1108
111 1108
112 1108
113 1108
114 1108
115 1108
116 1108
117 1108
118 1108
119 1108
120 1108
121 1108
122 1108
123 1108
124 1108
125 1108
126 1108
127 1108
160 1108
161 1108
162 1108
163 1108
164 1108
165 1108
166 1108
167 1108
168 1108
169 1108
170 1108
171 1108
108 1109
109 1109
110 1109
111 1109
112 1109
113 1109
114 1109
115 1109
116 1109
117 1109
118 1109
119 1109
120 1109
121 1109
122 1109
123 1109
124 1109
125 1109
126 1109
127 1109
160 1109
161 1109
162 1109
163 1109
164 1109
165 1109
166 1109
167 1109
168 1109
169 1109
170 1109
171 1109
108 1110
109 1110
110 1110
111 1110
112 1110
113 1110
114 1110
115 1110
116 1110
117 1110
118 1110
119 1110
120 1110
121 1110
122 1110
123 1110
124 1110
125 1110
126 1110
127 1110
160 1110
161 1110
162 1110
163 1110
164 1110
165 1110
166 1110
167 1110
168 1110
169 1110
170 1110
171 1110
108 1111
109 1111
110 1111
111 1111
112 1111
113 1111
114 1111
115 1111
116 1111
117 1111
118 1111
119 1111
120 1111
121 1111
122 1111
123 1111
124 1111
125 1111
126 1111
127 1111
160 1111
161 1111
162 1111
163 1111
164 1111
165 1111
166 1111
167 1111
168 1111
169 1111
170 1111
171 1111
100 1112
101 1112
102 1112
103 1112
104 1112
105 1112
106 1112
107 1112
108 1112
109 1112
110 1112
111 1112
112 1112
113 1112
114 1112
115 1112
116 1112
117 1112
118 1112
119 1112
120 1112
121 1112
122 1112
123 1112
124 1112
125 1112
126 1112
127 1112
128 1112
129 1112
130 1112
131 1112
132 1112
133 1112
134 1112
135 1112
152 1112
153 1112
154 1112
155 1112
156 1112
157 1112
158 1112
159 1112
160 1112
161 1112
162 1112
163 1112
164 1112
165 1112
166 1112
167 1112
168 1112
169 1112
170 1112
171 1112
172 1112
173 1112
174 1112
175 1112
176 1112
177 1112
178 1112
179 1112
100 1113
101 1113
102 1113
103 1113
104 1113
105 1113
106 1113
107 1113
108 1113
109 1113
110 1113
111 1113
112 1113
113 1113
114 1113
115 1113
116 1113
117 1113
118 1113
119 1113
120 1113
121 1113
122 1113
123 1113
124 1113
125 1113
126 1113
127 1113
128 1113
129 1113
130 1113
131 1113
132 1113
133 1113
134 1113
135 1113
152 1113
153 1113
154 1113
155 1113
156 1113
157 1113
158 1113
159 1113
160 1113
161 1113
162 1113
163 1113
164 1113
165 1113
166 1113
167 1113
168 1113
169 1113
170 1113
171 1113
172 1113
173 1113
174 1113
175 1113
176 1113
177 1113
178 1113
179 1113
100 1114
101 1114
102 1114
103 1114
104 1114
105 1114
106 1114
107 1114
108 1114
109 1114
110 1114
111 1114
112 1114
113 1114
114 1114
115 1114
116 1114
117 1114
118 1114
119 1114
120 1114
121 1114
122 1114
123 1114
124 1114
125 1114
126 1114
127 1114
128 1114
129 1114
130 1114
131 1114
132 1114
133 1114
134 1114
135 1114
152 1114
153 1114
154 1114
155 1114
156 1114
157 1114
158 1114
159 1114
160 1114
161 1114
162 1114
163 1114
164 1114
165 1114
166 1114
167 1114
168 1114
169 1114
170 1114
171 1114
172 1114
173 1114
174 1114
175 1114
176 1114
177 1114
178 1114
179 1114
100 1115
101 1115
102 1115
103 1115
104 1115
105 1115
106 1115
107 1115
108 1115
109 1115
110 1115
111 1115
112 1115
113 1115
114 1115
115 1115
116 1115
117 1115
118 1115
119 1115
120 1115
121 1115
122 1115
123 1115
124 1115
125 1115
126 1115
127 1115
128 1115
129 1115
130 1115
131 1115
132 1115
133 1115
134 1115
135 1115
152 1115
153 1115
154 1115
155 1115
156 1115
157 1115
158 1115
159 1115
160 1115
161 1115
162 1115
163 1115
164 1115
165 1115
166 1115
167 1115
168 1115
169 1115
170 1115
171 1115
172 1115
173 1115
174 1115
175 1115
176 1115
177 1115
178 1115
179 1115
100 1116
101 1116
102 1116
103 1116
104 1116
105 1116
106 1116
107 1116
108 1116
109 1116
110 1116
111 1116
112 1116
113 1116
114 1116
115 1116
116 1116
117 1116
118 1116
119 1116
120 1116
121 1116
122 1116
123 1116
124 1116
125 1116
126 1116
127 1116
128 1116
129 1116
130 1116
131 1116
132 1116
133 1116
134 1116
135 1116
152 1116
153 1116
154 1116
155 1116
156 1116
157 1116
158 1116
159 1116
160 1116
161 1116
162 1116
163 1116
164 1116
165 1116
166 1116
167 1116
168 1116
169 1116
170 1116
171 1116
172 1116
173 1116
174 1116
175 1116
176 1116
177 1116
178 1116
179 1116
100 1117
101 1117
102 1117
103 1117
104 1117
105 1117
106 1117
107 1117
108 1117
109 1117
110 1117
111 1117
112 1117
113 1117
114 1117
115 1117
116 1117
117 1117
118 1117
119 1117
120 1117
121 1117
122 1117
123 1117
124 1117
125 1117
126 1117
127 1117
128 1117
129 1117
130 1117
131 1117
132 1117
133 1117
134 1117
135 1117
152 1117
153 1117
154 1117
155 1117
156 1117
157 1117
158 1117
159 1117
160 1117
161 1117
162 1117
163 1117
164 1117
165 1117
166 1117
167 1117
168 1117
169 1117
170 1117
171 1117
172 1117
173 1117
174 1117
175 1117
176 1117
177 1117
178 1117
179 1117
100 1118
101 1118
102 1118
103 1118
104 1118
105 1118
106 1118
107 1118
108 1118
109 1118
110 1118
111 1118
112 1118
113 1118
114 1118
115 1118
116 1118
117 1118
118 1118
119 1118
120 1118
121 1118
122 1118
123 1118
124 1118
125 1118
126 1118
127 1118
128 1118
129 1118
130 1118
131 1118
132 1118
133 1118
134 1118
135 1118
152 1118
153 1118
154 1118
155 1118
156 1118
157 1118
158 1118
159 1118
160 1118
161 1118
162 1118
163 1118
164 1118
165 1118
166 1118
167 1118
168 1118
169 1118
170 1118
171 1118
172 1118
173 1118
174 1118
175 1118
176 1118
177 1118
178 1118
179 1118
100 1119
101 1119
102 1119
103 1119
104 1119
105 1119
106 1119
107 1119
108 1119
109 1119
110 1119
111 1119
112 1119
113 1119
114 1119
115 1119
116 1119
117 1119
118 1119
119 1119
120 1119
121 1119
122 1119
123 1119
124 1119
125 1119
126 1119
127 1119
128 1119
129 1119
130 1119
131 1119
132 1119
133 1119
134 1119
135 1119
152 1119
153 1119
154 1119
155 1119
156 1119
157 1119
158 1119
159 1119
160 1119
161 1119
162 1119
163 1119
164 1119
165 1119
166 1119
167 1119
168 1119
169 1119
170 1119
171 1119
172 1119
173 1119
174 1119
175 1119
176 1119
177 1119
178 1119
179 1119
96 1120
97 1120
98 1120
99 1120
100 1120
101 1120
102 1120
103 1120
104 1120
105 1120
106 1120
107 1120
108 1120
109 1120
110 1120
111 1120
112 1120
113 1120
114 1120
115 1120
116 1120
117 1120
118 1120
119 1120
120 1120
121 1120
122 1120
123 1120
124 1120
125 1120
126 1120
127 1120
128 1120
129 1120
130 1120
131 1120
132 1120
133 1120
134 1120
135 1120
136 1120
137 1120
138 1120
139 1120
148 1120
149 1120
150 1120
151 1120
152 1120
153 1120
154 1120
155 1120
156 1120
157 1120
158 1120
159 1120
160 1120
161 1120
162 1120
163 1120
164 1120
165 1120
166 1120
167 1120
168 1120
169 1120
170 1120
171 1120
172 1120
173 1120
174 1120
175 1120
176 1120
177 1120
178 1120
179 1120
180 1120
181 1120
182 1120
183 1120
96 1121
97 1121
98 1121
99 1121
100 1121
101 1121
102 1121
103 1121
104 1121
105 1121
106 1121
107 1121
108 1121
109 1121
110 1121
111 1121
112 1121
113 1121
114 1121
115 1121
116 1121
117 1121
118 1121
119 1121
120 1121
121 1121
122 1121
123 1121
124 1121
125 1121
126 1121
127 1121
128 1121
129 1121
130 1121
131 1121
132 1121
133 1121
134 1121
135 1121
136 1121
137 1121
138 1121
139 1121
148 1121
149 1121
150 1121
151 1121
152 1121
153 1121
154 1121
155 1121
156 1121
157 1121
158 1121
159 1121
160 1121
161 1121
162 1121
163 1121
164 1121
165 1121
166 1121
167 1121
168 1121
169 1121
170 1121
171 1121
172 1121
173 1121
174 1121
175 1121
176 1121
177 1121
178 1121
179 1121
180 1121
181 1121
182 1121
183 1121
96 1122
97 1122
98 1122
99 1122
100 1122
101 1122
102 1122
103 1122
104 1122
105 1122
106 1122
107 1122
108 1122
109 1122
110 1122
111 1122
112 1122
113 1122
114 1122
115 1122
116 1122
117 1122
118 1122
119 1122
120 1122
121 1122
122 1122
123 1122
124 1122
125 1122
126 1122
127 1122
128 1122
129 1122
130 1122
131 1122
132 1122
133 1122
134 1122
135 1122
136 1122
137 1122
138 1122
139 1122
148 1122
149 1122
150 1122
151 1122
152 1122
153 1122
154 1122
155 1122
156 1122
157 1122
158 1122
159 1122
160 1122
161 1122
162 1122
163 1122
164 1122
165 1122
166 1122
167 1122
168 1122
169 1122
170 1122
171 1122
172 1122
173 1122
174 1122
175 1122
176 1122
177 1122
178 1122
179 1122
180 1122
181 1122
182 1122
183 1122
96 1123
97 1123
98 1123
99 1123
100 1123
101 1123
102 1123
103 1123
104 1123
105 1123
106 1123
107 1123
108 1123
109 1123
110 1123
111 1123
112 1123
113 1123
114 1123
115 1123
116 1123
117 1123
118 1123
119 1123
120 1123
121 1123
122 1123
123 1123
124 1123
125 1123
126 1123
127 1123
128 1123
129 1123
130 1123
131 1123
132 1123
133 1123
134 1123
135 1123
136 1123
137 1123
138 1123
139 1123
148 1123
149 1123
150 1123
151 1123
152 1123
153 1123
154 1123
155 1123
156 1123
157 1123
158 1123
159 1123
160 1123
161 1123
162 1123
163 1123
164 1123
165 1123
166 1123
167 1123
168 1123
169 1123
170 1123
171 1123
172 1123
173 1123
174 1123
175 1123
176 1123
177 1123
178 1123
179 1123
180 1123
181 1123
182 1123
183 1123
96 1124
97 1124
98 1124
99 1124
100 1124
101 1124
102 1124
103 1124
104 1124
105 1124
106 1124
107 1124
108 1124
109 1124
110 1124
111 1124
112 1124
113 1124
114 1124
115 1124
116 1124
117 1124
118 1124
119 1124
120 1124
121 1124
122 1124
123 1124
124 1124
125 1124
126 1124
127 1124
128 1124
129 1124
130 1124
131 1124
132 1124
133 1124
134 1124
135 1124
136 1124
137 1124
138 1124
139 1124
148 1124
149 1124
150 1124
151 1124
152 1124
153 1124
154 1124
155 1124
156 1124
157 1124
158 1124
159 1124
160 1124
161 1124
162 1124
163 1124
164 1124
165 1124
166 1124
167 1124
168 1124
169 1124
170 1124
171 1124
172 1124
173 1124
174 1124
175 1124
176 1124
177 1124
178 1124
179 1124
180 1124
181 1124
182 1124
183 1124
96 1125
97 1125
98 1125
99 1125
100 1125
101 1125
102 1125
103 1125
104 1125
105 1125
106 1125
107 1125
108 1125
109 1125
110 1125
111 1125
112 1125
113 1125
114 1125
115 1125
116 1125
117 1125
118 1125
119 1125
120 1125
121 1125
122 1125
123 1125
124 1125
125 1125
126 1125
127 1125
128 1125
129 1125
130 1125
131 1125
132 1125
133 1125
134 1125
135 1125
136 1125
137 1125
138 1125
139 1125
148 1125
149 1125
150 1125
151 1125
152 1125
153 1125
154 1125
155 1125
156 1125
157 1125
158 1125
159 1125
160 1125
161 1125
162 1125
163 1125
164 1125
165 1125
166 1125
167 1125
168 1125
169 1125
170 1125
171 1125
172 1125
173 1125
174 1125
175 1125
176 1125
177 1125
178 1125
179 1125
180 1125
181 1125
182 1125
183 1125
96 1126
97 1126
98 1126
99 1126
100 1126
101 1126
102 1126
103 1126
104 1126
105 1126
106 1126
107 1126
108 1126
109 1126
110 1126
111 1126
112 1126
113 1126
114 1126
115 1126
116 1126
117 1126
118 1126
119 1126
120 1126
121 1126
122 1126
123 1126
124 1126
125 1126
126 1126
127 1126
128 1126
129 1126
130 1126
131 1126
132 1126
133 1126
134 1126
135 1126
136 1126
137 1126
138 1126
139 1126
148 1126
149 1126
150 1126
151 1126
152 1126
153 1126
154 1126
155 1126
156 1126
157 1126
158 1126
159 1126
160 1126
161 1126
162 1126
163 1126
164 1126
165 1126
166 1126
167 1126
168 1126
169 1126
170 1126
171 1126
172 1126
173 1126
174 1126
175 1126
176 1126
177 1126
178 1126
179 1126
180 1126
181 1126
182 1126
183 1126
96 1127
97 1127
98 1127
99 1127
100 1127
101 1127
102 1127
103 1127
104 1127
105 1127
106 1127
107 1127
108 1127
109 1127
110 1127
111 1127
112 1127
113 1127
114 1127
115 1127
116 1127
117 1127
118 1127
119 1127
120 1127
121 1127
122 1127
123 1127
124 1127
125 1127
126 1127
127 1127
128 1127
129 1127
130 1127
131 1127
132 1127
133 1127
134 1127
135 1127
136 1127
137 1127
138 1127
139 1127
148 1127
149 1127
150 1127
151 1127
152 1127
153 1127
154 1127
155 1127
156 1127
157 1127
158 1127
159 1127
160 1127
161 1127
162 1127
163 1127
164 1127
165 1127
166 1127
167 1127
168 1127
169 1127
170 1127
171 1127
172 1127
173 1127
174 1127
175 1127
176 1127
177 1127
178 1127
179 1127
180 1127
181 1127
182 1127
183 1127
96 1128
97 1128
98 1128
99 1128
100 1128
101 1128
102 1128
103 1128
104 1128
105 1128
106 1128
107 1128
108 1128
109 1128
110 1128
111 1128
112 1128
113 1128
114 1128
115 1128
116 1128
117 1128
118 1128
119 1128
120 1128
121 1128
122 1128
123 1128
124 1128
125 1128
126 1128
127 1128
128 1128
129 1128
130 1128
131 1128
132 1128
133 1128
134 1128
135 1128
136 1128
137 1128
138 1128
139 1128
148 1128
149 1128
150 1128
151 1128
152 1128
153 1128
154 1128
155 1128
156 1128
157 1128
158 1128
159 1128
160 1128
161 1128
162 1128
163 1128
164 1128
165 1128
166 1128
167 1128
168 1128
169 1128
170 1128
171 1128
172 1128
173 1128
174 1128
175 1128
176 1128
177 1128
178 1128
179 1128
180 1128
181 1128
182 1128
183 1128
96 1129
97 1129
98 1129
99 1129
100 1129
101 1129
102 1129
103 1129
104 1129
105 1129
106 1129
107 1129
108 1129
109 1129
110 1129
111 1129
112 1129
113 1129
114 1129
115 1129
116 1129
117 1129
118 1129
119 1129
120 1129
121 1129
122 1129
123 1129
124 1129
125 1129
126 1129
127 1129
128 1129
129 1129
130 1129
131 1129
132 1129
133 1129
134 1129
135 1129
136 1129
137 1129
138 1129
139 1129
148 1129
149 1129
150 1129
151 1129
152 1129
153 1129
154 1129
155 1129
156 1129
157 1129
158 1129
159 1129
160 1129
161 1129
162 1129
163 1129
164 1129
165 1129
166 1129
167 1129
168 1129
169 1129
170 1129
171 1129
172 1129
173 1129
174 1129
175 1129
176 1129
177 1129
178 1129
179 1129
180 1129
181 1129
182 1129
183 1129
96 1130
97 1130
98 1130
99 1130
100 1130
101 1130
102 1130
103 1130
104 1130
105 1130
106 1130
107 1130
108 1130
109 1130
110 1130
111 1130
112 1130
113 1130
114 1130
115 1130
116 1130
117 1130
118 1130
119 1130
120 1130
121 1130
122 1130
123 1130
124 1130
125 1130
126 1130
127 1130
128 1130
129 1130
130 1130
131 1130
132 1130
133 1130
134 1130
135 1130
136 1130
137 1130
138 1130
139 1130
148 1130
149 1130
150 1130
151 1130
152 1130
153 1130
154 1130
155 1130
156 1130
157 1130
158 1130
159 1130
160 1130
161 1130
162 1130
163 1130
164 1130
165 1130
166 1130
167 1130
168 1130
169 1130
170 1130
171 1130
172 1130
173 1130
174 1130
175 1130
176 1130
177 1130
178 1130
179 1130
180 1130
181 1130
182 1130
183 1130
96 1131
97 1131
98 1131
99 1131
100 1131
101 1131
102 1131
103 1131
104 1131
105 1131
106 1131
107 1131
108 1131
109 1131
110 1131
111 1131
112 1131
113 1131
114 1131
115 1131
116 1131
117 1131
118 1131
119 1131
120 1131
121 1131
122 1131
123 1131
124 1131
125 1131
126 1131
127 1131
128 1131
129 1131
130 1131
131 1131
132 1131
133 1131
134 1131
135 1131
136 1131
137 1131
138 1131
139 1131
148 1131
149 1131
150 1131
151 1131
152 1131
153 1131
154 1131
155 1131
156 1131
157 1131
158 1131
159 1131
160 1131
161 1131
162 1131
163 1131
164 1131
165 1131
166 1131
167 1131
168 1131
169 1131
170 1131
171 1131
172 1131
173 1131
174 1131
175 1131
176 1131
177 1131
178 1131
179 1131
180 1131
181 1131
182 1131
183 1131
92 1132
93 1132
94 1132
95 1132
96 1132
97 1132
98 1132
99 1132
100 1132
101 1132
102 1132
103 1132
104 1132
105 1132
106 1132
107 1132
108 1132
109 1132
110 1132
111 1132
112 1132
113 1132
114 1132
115 1132
116 1132
117 1132
118 1132
119 1132
120 1132
121 1132
122 1132
123 1132
124 1132
125 1132
126 1132
127 1132
128 1132
129 1132
130 1132
131 1132
132 1132
133 1132
134 1132
135 1132
136 1132
137 1132
138 1132
139 1132
152 1132
153 1132
154 1132
155 1132
156 1132
157 1132
158 1132
159 1132
160 1132
161 1132
162 1132
163 1132
164 1132
165 1132
166 1132
167 1132
168 1132
169 1132
170 1132
171 1132
172 1132
173 1132
174 1132
175 1132
176 1132
177 1132
178 1132
179 1132
92 1133
93 1133
94 1133
95 1133
96 1133
97 1133
98 1133
99 1133
100 1133
101 1133
102 1133
103 1133
104 1133
105 1133
106 1133
107 1133
108 1133
109 1133
110 1133
111 1133
112 1133
113 1133
114 1133
115 1133
116 1133
117 1133
118 1133
119 1133
120 1133
121 1133
122 1133
123 1133
124 1133
125 1133
126 1133
127 1133
128 1133
129 1133
130 1133
131 1133
132 1133
133 1133
134 1133
135 1133
136 1133
137 1133
138 1133
139 1133
152 1133
153 1133
154 1133
155 1133
156 1133
157 1133
158 1133
159 1133
160 1133
161 1133
162 1133
163 1133
164 1133
165 1133
166 1133
167 1133
168 1133
169 1133
170 1133
171 1133
172 1133
173 1133
174 1133
175 1133
176 1133
177 1133
178 1133
179 1133
92 1134
93 1134
94 1134
95 1134
96 1134
97 1134
98 1134
99 1134
100 1134
101 1134
102 1134
103 1134
104 1134
105 1134
106 1134
107 1134
108 1134
109 1134
110 1134
111 1134
112 1134
113 1134
114 1134
115 1134
116 1134
117 1134
118 1134
119 1134
120 1134
121 1134
122 1134
123 1134
124 1134
125 1134
126 1134
127 1134
128 1134
129 1134
130 1134
131 1134
132 1134
133 1134
134 1134
135 1134
136 1134
137 1134
138 1134
139 1134
152 1134
153 1134
154 1134
155 1134
156 1134
157 1134
158 1134
159 1134
160 1134
161 1134
162 1134
163 1134
164 1134
165 1134
166 1134
167 1134
168 1134
169 1134
170 1134
171 1134
172 1134
173 1134
174 1134
175 1134
176 1134
177 1134
178 1134
179 1134
92 1135
93 1135
94 1135
95 1135
96 1135
97 1135
98 1135
99 1135
100 1135
101 1135
102 1135
103 1135
104 1135
105 1135
106 1135
107 1135
108 1135
109 1135
110 1135
111 1135
112 1135
113 1135
114 1135
115 1135
116 1135
117 1135
118 1135
119 1135
120 1135
121 1135
122 1135
123 1135
124 1135
125 1135
126 1135
127 1135
128 1135
129 1135
130 1135
131 1135
132 1135
133 1135
134 1135
135 1135
136 1135
137 1135
138 1135
139 1135
152 1135
153 1135
154 1135
155 1135
156 1135
157 1135
158 1135
159 1135
160 1135
161 1135
162 1135
163 1135
164 1135
165 1135
166 1135
167 1135
168 1135
169 1135
170 1135
171 1135
172 1135
173 1135
174 1135
175 1135
176 1135
177 1135
178 1135
179 1135
92 1136
93 1136
94 1136
95 1136
96 1136
97 1136
98 1136
99 1136
100 1136
101 1136
102 1136
103 1136
104 1136
105 1136
106 1136
107 1136
108 1136
109 1136
110 1136
111 1136
112 1136
113 1136
114 1136
115 1136
116 1136
117 1136
118 1136
119 1136
120 1136
121 1136
122 1136
123 1136
124 1136
125 1136
126 1136
127 1136
128 1136
129 1136
130 1136
131 1136
132 1136
133 1136
134 1136
135 1136
136 1136
137 1136
138 1136
139 1136
140 1136
141 1136
142 1136
143 1136
144 1136
145 1136
146 1136
147 1136
148 1136
149 1136
150 1136
151 1136
152 1136
153 1136
154 1136
155 1136
156 1136
157 1136
158 1136
159 1136
160 1136
161 1136
162 1136
163 1136
164 1136
165 1136
166 1136
167 1136
168 1136
169 1136
170 1136
171 1136
172 1136
173 1136
174 1136
175 1136
176 1136
177 1136
178 1136
179 1136
92 1137
93 1137
94 1137
95 1137
96 1137
97 1137
98 1137
99 1137
100 1137
101 1137
102 1137
103 1137
104 1137
105 1137
106 1137
107 1137
108 1137
109 1137
110 1137
111 1137
112 1137
113 1137
114 1137
115 1137
116 1137
117 1137
118 1137
119 1137
120 1137
121 1137
122 1137
123 1137
124 1137
125 1137
126 1137
127 1137
128 1137
129 1137
130 1137
131 1137
132 1137
133 1137
134 1137
135 1137
136 1137
137 1137
138 1137
139 1137
140 1137
141 1137
142 1137
143 1137
144 1137
145 1137
146 1137
147 1137
148 1137
149 1137
150 1137
151 1137
152 1137
153 1137
154 1137
155 1137
156 1137
157 1137
158 1137
159 1137
160 1137
161 1137
162 1137
163 1137
164 1137
165 1137
166 1137
167 1137
168 1137
169 1137
170 1137
171 1137
172 1137
173 1137
174 1137
175 1137
176 1137
177 1137
178 1137
179 1137
92 1138
93 1138
94 1138
95 1138
96 1138
97 1138
98 1138
99 1138
100 1138
101 1138
102 1138
103 1138
104 1138
105 1138
106 1138
107 1138
108 1138
109 1138
110 1138
111 1138
112 1138
113 1138
114 1138
115 1138
116 1138
117 1138
118 1138
119 1138
120 1138
121 1138
122 1138
123 1138
124 1138
125 1138
126 1138
127 1138
128 1138
129 1138
130 1138
131 1138
132 1138
133 1138
134 1138
135 1138
136 1138
137 1138
138 1138
139 1138
140 1138
141 1138
142 1138
143 1138
144 1138
145 1138
146 1138
147 1138
148 1138
149 1138
150 1138
151 1138
152 1138
153 1138
154 1138
155 1138
156 1138
157 1138
158 1138
159 1138
160 1138
161 1138
162 1138
163 1138
164 1138
165 1138
166 1138
167 1138
168 1138
169 1138
170 1138
171 1138
172 1138
173 1138
174 1138
175 1138
176 1138
177 1138
178 1138
179 1138
92 1139
93 1139
94 1139
95 1139
96 1139
97 1139
98 1139
99 1139
100 1139
101 1139
102 1139
103 1139
104 1139
105 1139
106 1139
107 1139
108 1139
109 1139
110 1139
111 1139
112 1139
113 1139
114 1139
115 1139
116 1139
117 1139
118 1139
119 1139
120 1139
121 1139
122 1139
123 1139
124 1139
125 1139
126 1139
127 1139
128 1139
129 1139
130 1139
131 1139
132 1139
133 1139
134 1139
135 1139
136 1139
137 1139
138 1139
139 1139
140 1139
141 1139
142 1139
143 1139
144 1139
145 1139
146 1139
147 1139
148 1139
149 1139
150 1139
151 1139
152 1139
153 1139
154 1139
155 1139
156 1139
157 1139
158 1139
159 1139
160 1139
161 1139
162 1139
163 1139
164 1139
165 1139
166 1139
167 1139
168 1139
169 1139
170 1139
171 1139
172 1139
173 1139
174 1139
175 1139
176 1139
177 1139
178 1139
179 1139
92 1140
93 1140
94 1140
95 1140
96 1140
97 1140
98 1140
99 1140
100 1140
101 1140
102 1140
103 1140
104 1140
105 1140
106 1140
107 1140
108 1140
109 1140
110 1140
111 1140
112 1140
113 1140
114 1140
115 1140
116 1140
117 1140
118 1140
119 1140
120 1140
121 1140
122 1140
123 1140
124 1140
125 1140
126 1140
127 1140
128 1140
129 1140
130 1140
131 1140
132 1140
133 1140
134 1140
135 1140
136 1140
137 1140
138 1140
139 1140
140 1140
141 1140
142 1140
143 1140
144 1140
145 1140
146 1140
147 1140
148 1140
149 1140
150 1140
151 1140
152 1140
153 1140
154 1140
155 1140
156 1140
157 1140
158 1140
159 1140
160 1140
161 1140
162 1140
163 1140
164 1140
165 1140
166 1140
167 1140
168 1140
169 1140
170 1140
171 1140
92 1141
93 1141
94 1141
95 1141
96 1141
97 1141
98 1141
99 1141
100 1141
101 1141
102 1141
103 1141
104 1141
105 1141
106 1141
107 1141
108 1141
109 1141
110 1141
111 1141
112 1141
113 1141
114 1141
115 1141
116 1141
117 1141
118 1141
119 1141
120 1141
121 1141
122 1141
123 1141
124 1141
125 1141
126 1141
127 1141
128 1141
129 1141
130 1141
131 1141
132 1141
133 1141
134 1141
135 1141
136 1141
137 1141
138 1141
139 1141
140 1141
141 1141
142 1141
143 1141
144 1141
145 1141
146 1141
147 1141
148 1141
149 1141
150 1141
151 1141
152 1141
153 1141
154 1141
155 1141
156 1141
157 1141
158 1141
159 1141
160 1141
161 1141
162 1141
163 1141
164 1141
165 1141
166 1141
167 1141
168 1141
169 1141
170 1141
171 1141
92 1142
93 1142
94 1142
95 1142
96 1142
97 1142
98 1142
99 1142
100 1142
101 1142
102 1142
103 1142
104 1142
105 1142
106 1142
107 1142
108 1142
109 1142
110 1142
111 1142
112 1142
113 1142
114 1142
115 1142
116 1142
117 1142
118 1142
119 1142
120 1142
121 1142
122 1142
123 1142
124 1142
125 1142
126 1142
127 1142
128 1142
129 1142
130 1142
131 1142
132 1142
133 1142
134 1142
135 1142
136 1142
137 1142
138 1142
139 1142
140 1142
141 1142
142 1142
143 1142
144 1142
145 1142
146 1142
147 1142
148 1142
149 1142
150 1142
151 1142
152 1142
153 1142
154 1142
155 1142
156 1142
157 1142
158 1142
159 1142
160 1142
161 1142
162 1142
163 1142
164 1142
165 1142
166 1142
167 1142
168 1142
169 1142
170 1142
171 1142
92 1143
93 1143
94 1143
95 1143
96 1143
97 1143
98 1143
99 1143
100 1143
101 1143
102 1143
103 1143
104 1143
105 1143
106 1143
107 1143
108 1143
109 1143
110 1143
111 1143
112 1143
113 1143
114 1143
115 1143
116 1143
117 1143
118 1143
119 1143
120 1143
121 1143
122 1143
123 1143
124 1143
125 1143
126 1143
127 1143
128 1143
129 1143
130 1143
131 1143
132 1143
133 1143
134 1143
135 1143
136 1143
137 1143
138 1143
139 1143
140 1143
141 1143
142 1143
143 1143
144 1143
145 1143
146 1143
147 1143
148 1143
149 1143
150 1143
151 1143
152 1143
153 1143
154 1143
155 1143
156 1143
157 1143
158 1143
159 1143
160 1143
161 1143
162 1143
163 1143
164 1143
165 1143
166 1143
167 1143
168 1143
169 1143
170 1143
171 1143
96 1144
97 1144
98 1144
99 1144
100 1144
101 1144
102 1144
103 1144
104 1144
105 1144
106 1144
107 1144
108 1144
109 1144
110 1144
111 1144
112 1144
113 1144
114 1144
115 1144
116 1144
117 1144
118 1144
119 1144
120 1144
121 1144
122 1144
123 1144
124 1144
125 1144
126 1144
127 1144
128 1144
129 1144
130 1144
131 1144
132 1144
133 1144
134 1144
135 1144
136 1144
137 1144
138 1144
139 1144
140 1144
141 1144
142 1144
143 1144
144 1144
145 1144
146 1144
147 1144
148 1144
149 1144
150 1144
151 1144
152 1144
153 1144
154 1144
155 1144
156 1144
157 1144
158 1144
159 1144
96 1145
97 1145
98 1145
99 1145
100 1145
101 1145
102 1145
103 1145
104 1145
105 1145
106 1145
107 1145
108 1145
109 1145
110 1145
111 1145
112 1145
113 1145
114 1145
115 1145
116 1145
117 1145
118 1145
119 1145
120 1145
121 1145
122 1145
123 1145
124 1145
125 1145
126 1145
127 1145
128 1145
129 1145
130 1145
131 1145
132 1145
133 1145
134 1145
135 1145
136 1145
137 1145
138 1145
139 1145
140 1145
141 1145
142 1145
143 1145
144 1145
145 1145
146 1145
147 1145
148 1145
149 1145
150 1145
151 1145
152 1145
153 1145
154 1145
155 1145
156 1145
157 1145
158 1145
159 1145
96 1146
97 1146
98 1146
99 1146
100 1146
101 1146
102 1146
103 1146
104 1146
105 1146
106 1146
107 1146
108 1146
109 1146
110 1146
111 1146
112 1146
113 1146
114 1146
115 1146
116 1146
117 1146
118 1146
119 1146
120 1146
121 1146
122 1146
123 1146
124 1146
125 1146
126 1146
127 1146
128 1146
129 1146
130 1146
131 1146
132 1146
133 1146
134 1146
135 1146
136 1146
137 1146
138 1146
139 1146
140 1146
141 1146
142 1146
143 1146
144 1146
145 1146
146 1146
147 1146
148 1146
149 1146
150 1146
151 1146
152 1146
153 1146
154 1146
155 1146
156 1146
157 1146
158 1146
159 1146
96 1147
97 1147
98 1147
99 1147
100 1147
101 1147
102 1147
103 1147
104 1147
105 1147
106 1147
107 1147
108 1147
109 1147
110 1147
111 1147
112 1147
113 1147
114 1147
115 1147
116 1147
117 1147
118 1147
119 1147
120 1147
121 1147
122 1147
123 1147
124 1147
125 1147
126 1147
127 1147
128 1147
129 1147
130 1147
131 1147
132 1147
133 1147
134 1147
135 1147
136 1147
137 1147
138 1147
139 1147
140 1147
141 1147
142 1147
143 1147
144 1147
145 1147
146 1147
147 1147
148 1147
149 1147
150 1147
151 1147
152 1147
153 1147
154 1147
155 1147
156 1147
157 1147
158 1147
159 1147
96 1148
97 1148
98 1148
99 1148
100 1148
101 1148
102 1148
103 1148
104 1148
105 1148
106 1148
107 1148
108 1148
109 1148
110 1148
111 1148
112 1148
113 1148
114 1148
115 1148
116 1148
117 1148
118 1148
119 1148
120 1148
121 1148
122 1148
123 1148
124 1148
125 1148
126 1148
127 1148
128 1148
129 1148
130 1148
131 1148
132 1148
133 1148
134 1148
135 1148
136 1148
137 1148
138 1148
139 1148
140 1148
141 1148
142 1148
143 1148
144 1148
145 1148
146 1148
147 1148
148 1148
149 1148
150 1148
151 1148
152 1148
153 1148
154 1148
155 1148
156 1148
157 1148
158 1148
159 1148
160 1148
161 1148
162 1148
163 1148
96 1149
97 1149
98 1149
99 1149
100 1149
101 1149
102 1149
103 1149
104 1149
105 1149
106 1149
107 1149
108 1149
109 1149
110 1149
111 1149
112 1149
113 1149
114 1149
115 1149
116 1149
117 1149
118 1149
119 1149
120 1149
121 1149
122 1149
123 1149
124 1149
125 1149
126 1149
127 1149
128 1149
129 1149
130 1149
131 1149
132 1149
133 1149
134 1149
135 1149
136 1149
137 1149
138 1149
139 1149
140 1149
141 1149
142 1149
143 1149
144 1149
145 1149
146 1149
147 1149
148 1149
149 1149
150 1149
151 1149
152 1149
153 1149
154 1149
155 1149
156 1149
157 1149
158 1149
159 1149
160 1149
161 1149
162 1149
163 1149
96 1150
97 1150
98 1150
99 1150
100 1150
101 1150
102 1150
103 1150
104 1150
105 1150
106 1150
107 1150
108 1150
109 1150
110 1150
111 1150
112 1150
113 1150
114 1150
115 1150
116 1150
117 1150
118 1150
119 1150
120 1150
121 1150
122 1150
123 1150
124 1150
125 1150
126 1150
127 1150
128 1150
129 1150
130 1150
131 1150
132 1150
133 1150
134 1150
135 1150
136 1150
137 1150
138 1150
139 1150
140 1150
141 1150
142 1150
143 1150
144 1150
145 1150
146 1150
147 1150
148 1150
149 1150
150 1150
151 1150
152 1150
153 1150
154 1150
155 1150
156 1150
157 1150
158 1150
159 1150
160 1150
161 1150
162 1150
163 1150
96 1151
97 1151
98 1151
99 1151
100 1151
101 1151
102 1151
103 1151
104 1151
105 1151
106 1151
107 1151
108 1151
109 1151
110 1151
111 1151
112 1151
113 1151
114 1151
115 1151
116 1151
117 1151
118 1151
119 1151
120 1151
121 1151
122 1151
123 1151
124 1151
125 1151
126 1151
127 1151
128 1151
129 1151
130 1151
131 1151
132 1151
133 1151
134 1151
135 1151
136 1151
137 1151
138 1151
139 1151
140 1151
141 1151
142 1151
143 1151
144 1151
145 1151
146 1151
147 1151
148 1151
149 1151
150 1151
151 1151
152 1151
153 1151
154 1151
155 1151
156 1151
157 1151
158 1151
159 1151
160 1151
161 1151
162 1151
163 1151
100 1152
101 1152
102 1152
103 1152
104 1152
105 1152
106 1152
107 1152
108 1152
109 1152
110 1152
111 1152
112 1152
113 1152
114 1152
115 1152
116 1152
117 1152
118 1152
119 1152
120 1152
121 1152
122 1152
123 1152
124 1152
125 1152
126 1152
127 1152
128 1152
129 1152
130 1152
131 1152
132 1152
133 1152
134 1152
135 1152
136 1152
137 1152
138 1152
139 1152
140 1152
141 1152
142 1152
143 1152
144 1152
145 1152
146 1152
147 1152
148 1152
149 1152
150 1152
151 1152
152 1152
153 1152
154 1152
155 1152
156 1152
157 1152
158 1152
159 1152
160 1152
161 1152
162 1152
163 1152
100 1153
101 1153
102 1153
103 1153
104 1153
105 1153
106 1153
107 1153
108 1153
109 1153
110 1153
111 1153
112 1153
113 1153
114 1153
115 1153
116 1153
117 1153
118 1153
119 1153
120 1153
121 1153
122 1153
123 1153
124 1153
125 1153
126 1153
127 1153
128 1153
129 1153
130 1153
131 1153
132 1153
133 1153
134 1153
135 1153
136 1153
137 1153
138 1153
139 1153
140 1153
141 1153
142 1153
143 1153
144 1153
145 1153
146 1153
147 1153
148 1153
149 1153
150 1153
151 1153
152 1153
153 1153
154 1153
155 1153
156 1153
157 1153
158 1153
159 1153
160 1153
161 1153
162 1153
163 1153
100 1154
101 1154
102 1154
103 1154
104 1154
105 1154
106 1154
107 1154
108 1154
109 1154
110 1154
111 1154
112 1154
113 1154
114 1154
115 1154
116 1154
117 1154
118 1154
119 1154
120 1154
121 1154
122 1154
123 1154
124 1154
125 1154
126 1154
127 1154
128 1154
129 1154
130 1154
131 1154
132 1154
133 1154
134 1154
135 1154
136 1154
137 1154
138 1154
139 1154
140 1154
141 1154
142 1154
143 1154
144 1154
145 1154
146 1154
147 1154
148 1154
149 1154
150 1154
151 1154
152 1154
153 1154
154 1154
155 1154
156 1154
157 1154
158 1154
159 1154
160 1154
161 1154
162 1154
163 1154
100 1155
101 1155
102 1155
103 1155
104 1155
105 1155
106 1155
107 1155
108 1155
109 1155
110 1155
111 1155
112 1155
113 1155
114 1155
115 1155
116 1155
117 1155
118 1155
119 1155
120 1155
121 1155
122 1155
123 1155
124 1155
125 1155
126 1155
127 1155
128 1155
129 1155
130 1155
131 1155
132 1155
133 1155
134 1155
135 1155
136 1155
137 1155
138 1155
139 1155
140 1155
141 1155
142 1155
143 1155
144 1155
145 1155
146 1155
147 1155
148 1155
149 1155
150 1155
151 1155
152 1155
153 1155
154 1155
155 1155
156 1155
157 1155
158 1155
159 1155
160 1155
161 1155
162 1155
163 1155
108 1156
109 1156
110 1156
111 1156
112 1156
113 1156
114 1156
115 1156
116 1156
117 1156
118 1156
119 1156
120 1156
121 1156
122 1156
123 1156
124 1156
125 1156
126 1156
127 1156
128 1156
129 1156
130 1156
131 1156
132 1156
133 1156
134 1156
135 1156
136 1156
137 1156
138 1156
139 1156
140 1156
141 1156
142 1156
143 1156
144 1156
145 1156
146 1156
147 1156
148 1156
149 1156
150 1156
151 1156
152 1156
153 1156
154 1156
155 1156
156 1156
157 1156
158 1156
159 1156
160 1156
161 1156
162 1156
163 1156
108 1157
109 1157
110 1157
111 1157
112 1157
113 1157
114 1157
115 1157
116 1157
117 1157
118 1157
119 1157
120 1157
121 1157
122 1157
123 1157
124 1157
125 1157
126 1157
127 1157
128 1157
129 1157
130 1157
131 1157
132 1157
133 1157
134 1157
135 1157
136 1157
137 1157
138 1157
139 1157
140 1157
141 1157
142 1157
143 1157
144 1157
145 1157
146 1157
147 1157
148 1157
149 1157
150 1157
151 1157
152 1157
153 1157
154 1157
155 1157
156 1157
157 1157
158 1157
159 1157
160 1157
161 1157
162 1157
163 1157
108 1158
109 1158
110 1158
111 1158
112 1158
113 1158
114 1158
115 1158
116 1158
117 1158
118 1158
119 1158
120 1158
121 1158
122 1158
123 1158
124 1158
125 1158
126 1158
127 1158
128 1158
129 1158
130 1158
131 1158
132 1158
133 1158
134 1158
135 1158
136 1158
137 1158
138 1158
139 1158
140 1158
141 1158
142 1158
143 1158
144 1158
145 1158
146 1158
147 1158
148 1158
149 1158
150 1158
151 1158
152 1158
153 1158
154 1158
155 1158
156 1158
157 1158
158 1158
159 1158
160 1158
161 1158
162 1158
163 1158
108 1159
109 1159
110 1159
111 1159
112 1159
113 1159
114 1159
115 1159
116 1159
117 1159
118 1159
119 1159
120 1159
121 1159
122 1159
123 1159
124 1159
125 1159
126 1159
127 1159
128 1159
129 1159
130 1159
131 1159
132 1159
133 1159
134 1159
135 1159
136 1159
137 1159
138 1159
139 1159
140 1159
141 1159
142 1159
143 1159
144 1159
145 1159
146 1159
147 1159
148 1159
149 1159
150 1159
151 1159
152 1159
153 1159
154 1159
155 1159
156 1159
157 1159
158 1159
159 1159
160 1159
161 1159
162 1159
163 1159
108 1160
109 1160
110 1160
111 1160
112 1160
113 1160
114 1160
115 1160
116 1160
117 1160
118 1160
119 1160
120 1160
121 1160
122 1160
123 1160
124 1160
125 1160
126 1160
127 1160
128 1160
129 1160
130 1160
131 1160
132 1160
133 1160
134 1160
135 1160
136 1160
137 1160
138 1160
139 1160
140 1160
141 1160
142 1160
143 1160
144 1160
145 1160
146 1160
147 1160
148 1160
149 1160
150 1160
151 1160
152 1160
153 1160
154 1160
155 1160
156 1160
157 1160
158 1160
159 1160
108 1161
109 1161
110 1161
111 1161
112 1161
113 1161
114 1161
115 1161
116 1161
117 1161
118 1161
119 1161
120 1161
121 1161
122 1161
123 1161
124 1161
125 1161
126 1161
127 1161
128 1161
129 1161
130 1161
131 1161
132 1161
133 1161
134 1161
135 1161
136 1161
137 1161
138 1161
139 1161
140 1161
141 1161
142 1161
143 1161
144 1161
145 1161
146 1161
147 1161
148 1161
149 1161
150 1161
151 1161
152 1161
153 1161
154 1161
155 1161
156 1161
157 1161
158 1161
159 1161
108 1162
109 1162
110 1162
111 1162
112 1162
113 1162
114 1162
115 1162
116 1162
117 1162
118 1162
119 1162
120 1162
121 1162
122 1162
123 1162
124 1162
125 1162
126 1162
127 1162
128 1162
129 1162
130 1162
131 1162
132 1162
133 1162
134 1162
135 1162
136 1162
137 1162
138 1162
139 1162
140 1162
141 1162
142 1162
143 1162
144 1162
145 1162
146 1162
147 1162
148 1162
149 1162
150 1162
151 1162
152 1162
153 1162
154 1162
155 1162
156 1162
157 1162
158 1162
159 1162
108 1163
109 1163
110 1163
111 1163
112 1163
113 1163
114 1163
115 1163
116 1163
117 1163
118 1163
119 1163
120 1163
121 1163
122 1163
123 1163
124 1163
125 1163
126 1163
127 1163
128 1163
129 1163
130 1163
131 1163
132 1163
133 1163
134 1163
135 1163
136 1163
137 1163
138 1163
139 1163
140 1163
141 1163
142 1163
143 1163
144 1163
145 1163
146 1163
147 1163
148 1163
149 1163
150 1163
151 1163
152 1163
153 1163
154 1163
155 1163
156 1163
157 1163
158 1163
159 1163
108 1164
109 1164
110 1164
111 1164
112 1164
113 1164
114 1164
115 1164
116 1164
117 1164
118 1164
119 1164
120 1164
121 1164
122 1164
123 1164
124 1164
125 1164
126 1164
127 1164
128 1164
129 1164
130 1164
131 1164
132 1164
133 1164
134 1164
135 1164
136 1164
137 1164
138 1164
139 1164
140 1164
141 1164
142 1164
143 1164
144 1164
145 1164
146 1164
147 1164
148 1164
149 1164
150 1164
151 1164
152 1164
153 1164
154 1164
155 1164
156 1164
157 1164
158 1164
159 1164
160 1164
161 1164
162 1164
163 1164
108 1165
109 1165
110 1165
111 1165
112 1165
113 1165
114 1165
115 1165
116 1165
117 1165
118 1165
119 1165
120 1165
121 1165
122 1165
123 1165
124 1165
125 1165
126 1165
127 1165
128 1165
129 1165
130 1165
131 1165
132 1165
133 1165
134 1165
135 1165
136 1165
137 1165
138 1165
139 1165
140 1165
141 1165
142 1165
143 1165
144 1165
145 1165
146 1165
147 1165
148 1165
149 1165
150 1165
151 1165
152 1165
153 1165
154 1165
155 1165
156 1165
157 1165
158 1165
159 1165
160 1165
161 1165
162 1165
163 1165
108 1166
109 1166
110 1166
111 1166
112 1166
113 1166
114 1166
115 1166
116 1166
117 1166
118 1166
119 1166
120 1166
121 1166
122 1166
123 1166
124 1166
125 1166
126 1166
127 1166
128 1166
129 1166
130 1166
131 1166
132 1166
133 1166
134 1166
135 1166
136 1166
137 1166
138 1166
139 1166
140 1166
141 1166
142 1166
143 1166
144 1166
145 1166
146 1166
147 1166
148 1166
149 1166
150 1166
151 1166
152 1166
153 1166
154 1166
155 1166
156 1166
157 1166
158 1166
159 1166
160 1166
161 1166
162 1166
163 1166
108 1167
109 1167
110 1167
111 1167
112 1167
113 1167
114 1167
115 1167
116 1167
117 1167
118 1167
119 1167
120 1167
121 1167
122 1167
123 1167
124 1167
125 1167
126 1167
127 1167
128 1167
129 1167
130 1167
131 1167
132 1167
133 1167
134 1167
135 1167
136 1167
137 1167
138 1167
139 1167
140 1167
141 1167
142 1167
143 1167
144 1167
145 1167
146 1167
147 1167
148 1167
149 1167
150 1167
151 1167
152 1167
153 1167
154 1167
155 1167
156 1167
157 1167
158 1167
159 1167
160 1167
161 1167
162 1167
163 1167
108 1168
109 1168
110 1168
111 1168
112 1168
113 1168
114 1168
115 1168
116 1168
117 1168
118 1168
119 1168
120 1168
121 1168
122 1168
123 1168
124 1168
125 1168
126 1168
127 1168
128 1168
129 1168
130 1168
131 1168
132 1168
133 1168
134 1168
135 1168
136 1168
137 1168
138 1168
139 1168
140 1168
141 1168
142 1168
143 1168
144 1168
145 1168
146 1168
147 1168
148 1168
149 1168
150 1168
151 1168
152 1168
153 1168
154 1168
155 1168
156 1168
157 1168
158 1168
159 1168
160 1168
161 1168
162 1168
163 1168
108 1169
109 1169
110 1169
111 1169
112 1169
113 1169
114 1169
115 1169
116 1169
117 1169
118 1169
119 1169
120 1169
121 1169
122 1169
123 1169
124 1169
125 1169
126 1169
127 1169
128 1169
129 1169
130 1169
131 1169
132 1169
133 1169
134 1169
135 1169
136 1169
137 1169
138 1169
139 1169
140 1169
141 1169
142 1169
143 1169
144 1169
145 1169
146 1169
147 1169
148 1169
149 1169
150 1169
151 1169
152 1169
153 1169
154 1169
155 1169
156 1169
157 1169
158 1169
159 1169
160 1169
161 1169
162 1169
163 1169
108 1170
109 1170
110 1170
111 1170
112 1170
113 1170
114 1170
115 1170
116 1170
117 1170
118 1170
119 1170
120 1170
121 1170
122 1170
123 1170
124 1170
125 1170
126 1170
127 1170
128 1170
129 1170
130 1170
131 1170
132 1170
133 1170
134 1170
135 1170
136 1170
137 1170
138 1170
139 1170
140 1170
141 1170
142 1170
143 1170
144 1170
145 1170
146 1170
147 1170
148 1170
149 1170
150 1170
151 1170
152 1170
153 1170
154 1170
155 1170
156 1170
157 1170
158 1170
159 1170
160 1170
161 1170
162 1170
163 1170
108 1171
109 1171
110 1171
111 1171
112 1171
113 1171
114 1171
115 1171
116 1171
117 1171
118 1171
119 1171
120 1171
121 1171
122 1171
123 1171
124 1171
125 1171
126 1171
127 1171
128 1171
129 1171
130 1171
131 1171
132 1171
133 1171
134 1171
135 1171
136 1171
137 1171
138 1171
139 1171
140 1171
141 1171
142 1171
143 1171
144 1171
145 1171
146 1171
147 1171
148 1171
149 1171
150 1171
151 1171
152 1171
153 1171
154 1171
155 1171
156 1171
157 1171
158 1171
159 1171
160 1171
161 1171
162 1171
163 1171
108 1172
109 1172
110 1172
111 1172
112 1172
113 1172
114 1172
115 1172
116 1172
117 1172
118 1172
119 1172
120 1172
121 1172
122 1172
123 1172
124 1172
125 1172
126 1172
127 1172
128 1172
129 1172
130 1172
131 1172
132 1172
133 1172
134 1172
135 1172
136 1172
137 1172
138 1172
139 1172
140 1172
141 1172
142 1172
143 1172
144 1172
145 1172
146 1172
147 1172
148 1172
149 1172
150 1172
151 1172
152 1172
153 1172
154 1172
155 1172
156 1172
157 1172
158 1172
159 1172
160 1172
161 1172
162 1172
163 1172
108 1173
109 1173
110 1173
111 1173
112 1173
113 1173
114 1173
115 1173
116 1173
117 1173
118 1173
119 1173
120 1173
121 1173
122 1173
123 1173
124 1173
125 1173
126 1173
127 1173
128 1173
129 1173
130 1173
131 1173
132 1173
133 1173
134 1173
135 1173
136 1173
137 1173
138 1173
139 1173
140 1173
141 1173
142 1173
143 1173
144 1173
145 1173
146 1173
147 1173
148 1173
149 1173
150 1173
151 1173
152 1173
153 1173
154 1173
155 1173
156 1173
157 1173
158 1173
159 1173
160 1173
161 1173
162 1173
163 1173
108 1174
109 1174
110 1174
111 1174
112 1174
113 1174
114 1174
115 1174
116 1174
117 1174
118 1174
119 1174
120 1174
121 1174
122 1174
123 1174
124 1174
125 1174
126 1174
127 1174
128 1174
129 1174
130 1174
131 1174
132 1174
133 1174
134 1174
135 1174
136 1174
137 1174
138 1174
139 1174
140 1174
141 1174
142 1174
143 1174
144 1174
145 1174
146 1174
147 1174
148 1174
149 1174
150 1174
151 1174
152 1174
153 1174
154 1174
155 1174
156 1174
157 1174
158 1174
159 1174
160 1174
161 1174
162 1174
163 1174
108 1175
109 1175
110 1175
111 1175
112 1175
113 1175
114 1175
115 1175
116 1175
117 1175
118 1175
119 1175
120 1175
121 1175
122 1175
123 1175
124 1175
125 1175
126 1175
127 1175
128 1175
129 1175
130 1175
131 1175
132 1175
133 1175
134 1175
135 1175
136 1175
137 1175
138 1175
139 1175
140 1175
141 1175
142 1175
143 1175
144 1175
145 1175
146 1175
147 1175
148 1175
149 1175
150 1175
151 1175
152 1175
153 1175
154 1175
155 1175
156 1175
157 1175
158 1175
159 1175
160 1175
161 1175
162 1175
163 1175
108 1176
109 1176
110 1176
111 1176
112 1176
113 1176
114 1176
115 1176
116 1176
117 1176
118 1176
119 1176
120 1176
121 1176
122 1176
123 1176
124 1176
125 1176
126 1176
127 1176
128 1176
129 1176
130 1176
131 1176
132 1176
133 1176
134 1176
135 1176
136 1176
137 1176
138 1176
139 1176
140 1176
141 1176
142 1176
143 1176
144 1176
145 1176
146 1176
147 1176
148 1176
149 1176
150 1176
151 1176
152 1176
153 1176
154 1176
155 1176
156 1176
157 1176
158 1176
159 1176
160 1176
161 1176
162 1176
163 1176
108 1177
109 1177
110 1177
111 1177
112 1177
113 1177
114 1177
115 1177
116 1177
117 1177
118 1177
119 1177
120 1177
121 1177
122 1177
123 1177
124 1177
125 1177
126 1177
127 1177
128 1177
129 1177
130 1177
131 1177
132 1177
133 1177
134 1177
135 1177
136 1177
137 1177
138 1177
139 1177
140 1177
141 1177
142 1177
143 1177
144 1177
145 1177
146 1177
147 1177
148 1177
149 1177
150 1177
151 1177
152 1177
153 1177
154 1177
155 1177
156 1177
157 1177
158 1177
159 1177
160 1177
161 1177
162 1177
163 1177
108 1178
109 1178
110 1178
111 1178
112 1178
113 1178
114 1178
115 1178
116 1178
117 1178
118 1178
119 1178
120 1178
121 1178
122 1178
123 1178
124 1178
125 1178
126 1178
127 1178
128 1178
129 1178
130 1178
131 1178
132 1178
133 1178
134 1178
135 1178
136 1178
137 1178
138 1178
139 1178
140 1178
141 1178
142 1178
143 1178
144 1178
145 1178
146 1178
147 1178
148 1178
149 1178
150 1178
151 1178
152 1178
153 1178
154 1178
155 1178
156 1178
157 1178
158 1178
159 1178
160 1178
161 1178
162 1178
163 1178
108 1179
109 1179
110 1179
111 1179
112 1179
113 1179
114 1179
115 1179
116 1179
117 1179
118 1179
119 1179
120 1179
121 1179
122 1179
123 1179
124 1179
125 1179
126 1179
127 1179
128 1179
129 1179
130 1179
131 1179
132 1179
133 1179
134 1179
135 1179
136 1179
137 1179
138 1179
139 1179
140 1179
141 1179
142 1179
143 1179
144 1179
145 1179
146 1179
147 1179
148 1179
149 1179
150 1179
151 1179
152 1179
153 1179
154 1179
155 1179
156 1179
157 1179
158 1179
159 1179
160 1179
161 1179
162 1179
163 1179
108 1180
109 1180
110 1180
111 1180
112 1180
113 1180
114 1180
115 1180
116 1180
117 1180
118 1180
119 1180
120 1180
121 1180
122 1180
123 1180
124 1180
125 1180
126 1180
127 1180
128 1180
129 1180
130 1180
131 1180
132 1180
133 1180
134 1180
135 1180
136 1180
137 1180
138 1180
139 1180
140 1180
141 1180
142 1180
143 1180
144 1180
145 1180
146 1180
147 1180
148 1180
149 1180
150 1180
151 1180
152 1180
153 1180
154 1180
155 1180
156 1180
157 1180
158 1180
159 1180
108 1181
109 1181
110 1181
111 1181
112 1181
113 1181
114 1181
115 1181
116 1181
117 1181
118 1181
119 1181
120 1181
121 1181
122 1181
123 1181
124 1181
125 1181
126 1181
127 1181
128 1181
129 1181
130 1181
131 1181
132 1181
133 1181
134 1181
135 1181
136 1181
137 1181
138 1181
139 1181
140 1181
141 1181
142 1181
143 1181
144 1181
145 1181
146 1181
147 1181
148 1181
149 1181
150 1181
151 1181
152 1181
153 1181
154 1181
155 1181
156 1181
157 1181
158 1181
159 1181
108 1182
109 1182
110 1182
111 1182
112 1182
113 1182
114 1182
115 1182
116 1182
117 1182
118 1182
119 1182
120 1182
121 1182
122 1182
123 1182
124 1182
125 1182
126 1182
127 1182
128 1182
129 1182
130 1182
131 1182
132 1182
133 1182
134 1182
135 1182
136 1182
137 1182
138 1182
139 1182
140 1182
141 1182
142 1182
143 1182
144 1182
145 1182
146 1182
147 1182
148 1182
149 1182
150 1182
151 1182
152 1182
153 1182
154 1182
155 1182
156 1182
157 1182
158 1182
159 1182
108 1183
109 1183
110 1183
111 1183
112 1183
113 1183
114 1183
115 1183
116 1183
117 1183
118 1183
119 1183
120 1183
121 1183
122 1183
123 1183
124 1183
125 1183
126 1183
127 1183
128 1183
129 1183
130 1183
131 1183
132 1183
133 1183
134 1183
135 1183
136 1183
137 1183
138 1183
139 1183
140 1183
141 1183
142 1183
143 1183
144 1183
145 1183
146 1183
147 1183
148 1183
149 1183
150 1183
151 1183
152 1183
153 1183
154 1183
155 1183
156 1183
157 1183
158 1183
159 1183
112 1184
113 1184
114 1184
115 1184
116 1184
117 1184
118 1184
119 1184
120 1184
121 1184
122 1184
123 1184
124 1184
125 1184
126 1184
127 1184
128 1184
129 1184
130 1184
131 1184
132 1184
133 1184
134 1184
135 1184
136 1184
137 1184
138 1184
139 1184
140 1184
141 1184
142 1184
143 1184
144 1184
145 1184
146 1184
147 1184
148 1184
149 1184
150 1184
151 1184
152 1184
153 1184
154 1184
155 1184
156 1184
157 1184
158 1184
159 1184
112 1185
113 1185
114 1185
115 1185
116 1185
117 1185
118 1185
119 1185
120 1185
121 1185
122 1185
123 1185
124 1185
125 1185
126 1185
127 1185
128 1185
129 1185
130 1185
131 1185
132 1185
133 1185
134 1185
135 1185
136 1185
137 1185
138 1185
139 1185
140 1185
141 1185
142 1185
143 1185
144 1185
145 1185
146 1185
147 1185
148 1185
149 1185
150 1185
151 1185
152 1185
153 1185
154 1185
155 1185
156 1185
157 1185
158 1185
159 1185
112 1186
113 1186
114 1186
115 1186
116 1186
117 1186
118 1186
119 1186
120 1186
121 1186
122 1186
123 1186
124 1186
125 1186
126 1186
127 1186
128 1186
129 1186
130 1186
131 1186
132 1186
133 1186
134 1186
135 1186
136 1186
137 1186
138 1186
139 1186
140 1186
141 1186
142 1186
143 1186
144 1186
145 1186
146 1186
147 1186
148 1186
149 1186
150 1186
151 1186
152 1186
153 1186
154 1186
155 1186
156 1186
157 1186
158 1186
159 1186
112 1187
113 1187
114 1187
115 1187
116 1187
117 1187
118 1187
119 1187
120 1187
121 1187
122 1187
123 1187
124 1187
125 1187
126 1187
127 1187
128 1187
129 1187
130 1187
131 1187
132 1187
133 1187
134 1187
135 1187
136 1187
137 1187
138 1187
139 1187
140 1187
141 1187
142 1187
143 1187
144 1187
145 1187
146 1187
147 1187
148 1187
149 1187
150 1187
151 1187
152 1187
153 1187
154 1187
155 1187
156 1187
157 1187
158 1187
159 1187
112 1188
113 1188
114 1188
115 1188
116 1188
117 1188
118 1188
119 1188
120 1188
121 1188
122 1188
123 1188
124 1188
125 1188
126 1188
127 1188
128 1188
129 1188
130 1188
131 1188
132 1188
133 1188
134 1188
135 1188
136 1188
137 1188
138 1188
139 1188
140 1188
141 1188
142 1188
143 1188
144 1188
145 1188
146 1188
147 1188
148 1188
149 1188
150 1188
151 1188
112 1189
113 1189
114 1189
115 1189
116 1189
117 1189
118 1189
119 1189
120 1189
121 1189
122 1189
123 1189
124 1189
125 1189
126 1189
127 1189
128 1189
129 1189
130 1189
131 1189
132 1189
133 1189
134 1189
135 1189
136 1189
137 1189
138 1189
139 1189
140 1189
141 1189
142 1189
143 1189
144 1189
145 1189
146 1189
147 1189
148 1189
149 1189
150 1189
151 1189
112 1190
113 1190
114 1190
115 1190
116 1190
117 1190
118 1190
119 1190
120 1190
121 1190
122 1190
123 1190
124 1190
125 1190
126 1190
127 1190
128 1190
129 1190
130 1190
131 1190
132 1190
133 1190
134 1190
135 1190
136 1190
137 1190
138 1190
139 1190
140 1190
141 1190
142 1190
143 1190
144 1190
145 1190
146 1190
147 1190
148 1190
149 1190
150 1190
151 1190
112 1191
113 1191
114 1191
115 1191
116 1191
117 1191
118 1191
119 1191
120 1191
121 1191
122 1191
123 1191
124 1191
125 1191
126 1191
127 1191
128 1191
129 1191
130 1191
131 1191
132 1191
133 1191
134 1191
135 1191
136 1191
137 1191
138 1191
139 1191
140 1191
141 1191
142 1191
143 1191
144 1191
145 1191
146 1191
147 1191
148 1191
149 1191
150 1191
151 1191
120 1192
121 1192
122 1192
123 1192
124 1192
125 1192
126 1192
127 1192
128 1192
129 1192
130 1192
131 1192
132 1192
133 1192
134 1192
135 1192
136 1192
137 1192
138 1192
139 1192
120 1193
121 1193
122 1193
123 1193
124 1193
125 1193
126 1193
127 1193
128 1193
129 1193
130 1193
131 1193
132 1193
133 1193
134 1193
135 1193
136 1193
137 1193
138 1193
139 1193
120 1194
121 1194
122 1194
123 1194
124 1194
125 1194
126 1194
127 1194
128 1194
129 1194
130 1194
131 1194
132 1194
133 1194
134 1194
135 1194
136 1194
137 1194
138 1194
139 1194
120 1195
121 1195
122 1195
123 1195
124 1195
125 1195
126 1195
127 1195
128 1195
129 1195
130 1195
131 1195
132 1195
133 1195
134 1195
135 1195
136 1195
137 1195
138 1195
139 1195
